V2 V3 V4 V5 V6 V7 V8 V9 V10 V11 V12 V13 V14 V15 V16 V17 V18 V19 V20 V21 V22 V23 V24 V25 V26 V27 V28 V29 V30 V31 V32 V33 V34 V35 V36 V37 V38 V39 V40 V41 V42 V43 V44 V45 V46 V47 V48 V49 V50 V51 V52 V53 V54 V55 V56 V57 V58 V59 V60 V61 V62 V63 V64 V65 V66 V67 V68 V69 V70 V71 V72 V73 V74 V75 V76 V77 V78 V79 V80 V81 V82 V83 V84 V85 V86 V87 V88 V89 V90 V91 V92 V93 V94 V95 V96 V97 V98 V99 V100 V101
0.996 6.923 6.554 7.043 6.084 6.123 7.069 7.103 6.912 6.766 7.008 6.795 6.902 6.838 6.864 7.027 6.749 7.102 6.918 6.636 6.774 7.152 7.344 6.859 7.065 6.407 6.811 6.74 6.947 6.827 6.644 6.736 6.893 6.969 7.228 6.78 6.951 7.033 6.691 6.562 6.779 7.044 6.674 6.921 7.138 6.712 7.036 7.13 6.98 6.976 6.874 6.843 6.953 7.096 6.563 7.275 7.35 6.869 6.973 6.964 6.809 7.241 7.189 7.342 6.991 7.128 7.283 6.979 6.95 7.049 7.088 6.814 6.964 6.902 7.195 6.824 7.032 7.051 6.971 6.992 7.014 7.27 6.884 7.077 7.338 7.249 6.961 7.104 1.305 6.913 6.75 6.929 7.153 7.093 6.845 7.254 7.143 6.982 7.189 6.784
1.119 7.018 6.499 6.525 6.24 6.869 6.859 6.985 6.8 6.742 6.395 6.866 6.678 6.489 6.264 6.801 7.126 6.05 6.841 6.768 6.905 7.152 7.256 7.066 6.766 7.084 6.844 7.14 7.108 6.5 7.047 6.939 7.001 6.796 6.854 6.747 6.822 6.715 6.513 6.683 6.859 7.18 7.197 6.762 6.888 7.035 6.68 7.111 7.03 6.811 7.045 7.039 6.293 6.766 6.974 6.545 6.552 6.141 6.748 6.737 6.895 6.677 6.831 6.749 6.851 7.118 7.033 6.973 6.875 6.971 6.901 7.029 6.992 6.97 7.111 6.976 6.603 7.092 6.969 6.567 7.036 7.149 6.842 7.064 6.742 6.811 6.54 6.779 1.188 6.953 6.781 7.085 7.025 7.079 6.581 6.999 6.687 6.99 6.983 6.983
1.147 6.87 6.674 6.787 6.728 7.144 6.925 6.599 7.117 6.923 6.859 7.032 6.242 6.753 6.104 6.786 6.915 6.811 6.811 6.461 6.392 6.948 6.795 6.762 6.994 6.284 6.989 6.885 6.71 6.901 6.96 6.812 7.125 6.548 6.684 7.06 7.107 6.968 6.757 7.073 7.033 6.65 6.936 7.032 6.872 6.983 6.855 6.689 7.123 6.826 6.977 7.119 6.735 6.559 7.093 6.95 6.898 6.752 7.139 6.462 6.802 6.764 6.898 7.226 6.683 7.053 6.77 6.433 6.608 6.303 6.662 6.947 6.952 6.562 6.879 6.875 7.038 6.706 6.981 6.935 6.917 6.794 6.713 6.925 7.06 6.91 6.914 7.187 1.141 6.454 6.88 6.952 6.984 6.995 7.046 6.936 6.8 7.142 7.054 6.556
1.298 6.781 6.819 6.958 6.428 6.683 6.838 7.068 6.354 6.603 6.695 6.75 6.617 6.709 6.365 6.535 5.887 6.447 6.592 6.817 6.679 6.788 6.974 6.951 6.857 6.785 6.735 6.922 6.927 6.864 6.783 6.74 6.929 6.93 7.052 7.06 6.886 6.938 6.818 6.789 6.996 6.626 6.727 6.633 6.859 7.025 6.795 7.033 6.933 6.701 6.344 6.709 6.634 6.864 6.814 6.894 6.755 7.056 6.602 7.027 6.617 6.441 6.759 6.752 6.784 6.684 6.757 6.821 6.976 6.968 6.671 6.738 6.964 7.072 6.926 7.13 6.925 6.526 6.726 6.691 7.041 7.009 6.748 6.444 6.978 6.677 6.684 6.577 0.944 6.564 6.635 6.759 6.532 6.713 7.042 7.147 6.73 6.743 6.739 7.233
1.301 6.877 6.233 6.965 6.841 6.92 6.958 6.884 7.128 6.324 6.967 6.608 7.008 7.038 7.059 6.728 7.071 6.96 6.838 6.764 7.213 6.862 6.777 7.133 6.781 6.97 7.025 6.599 7.006 6.912 7.038 7.084 6.655 6.769 7.115 7.221 7.175 7.388 7.143 7.103 6.958 7.343 6.964 6.909 6.764 7.058 7.234 6.506 7.023 7.085 6.913 7.18 7.198 6.628 6.299 6.862 6.679 7.095 6.801 6.786 6.819 6.868 7.128 7.104 6.953 6.775 7.19 6.882 7.027 7.231 6.92 6.87 6.943 7.071 7.024 7.025 7.044 7.195 7.201 7.287 7.078 7.103 7.423 7.045 6.899 7.036 7.343 7.189 0.997 6.809 7.159 7.122 7.324 6.924 6.727 6.965 7.062 6.952 6.776 6.975
1.202 6.333 6.844 6.55 6.964 6.358 6.697 6.947 6.376 6.821 6.722 6.963 6.559 7.133 7.036 6.862 6.864 7.047 6.325 6.859 7.084 6.656 6.821 6.742 6.95 6.759 6.863 6.906 6.946 6.609 6.737 6.735 6.937 6.63 7.193 6.992 6.692 6.75 6.581 6.832 6.711 7.172 6.889 6.766 6.563 7.002 7.012 7.022 6.816 6.721 6.647 7.273 7.048 7.039 6.666 6.935 6.696 6.936 6.885 7.23 6.605 6.472 7.032 7.009 6.854 7.15 6.975 7.069 7.411 7.031 7.002 6.524 6.986 6.772 6.811 6.965 7.049 6.636 6.912 6.789 6.523 7.196 7.076 6.609 7.093 6.857 6.85 6.905 1.082 6.634 6.954 7.041 6.998 6.726 6.928 7.147 6.829 7.044 6.834 6.965
1.336 6.836 6.897 6.501 7.066 6.705 6.869 7.03 6.846 7.066 6.803 6.744 6.95 6.515 6.665 6.91 6.681 6.969 6.651 6.211 7.094 6.811 7.094 7.162 7.038 6.795 7.222 6.572 6.869 7.147 7.099 7.085 6.643 6.834 6.837 6.596 6.794 6.845 6.993 6.994 6.964 7.159 7.164 7.052 7.048 7.013 6.33 6.835 7.081 7.265 7.028 6.62 7.051 6.714 7.237 6.85 7.109 7.162 7.243 6.976 7.13 6.836 6.718 7 6.738 6.873 7.057 6.65 6.713 6.796 7.039 6.861 6.739 6.967 7.203 6.967 6.561 7.164 6.989 7.304 7.175 7.328 7.076 7.066 7.086 6.994 6.818 6.84 1.066 6.823 7.084 7.3 6.953 6.491 7.194 6.543 7.092 6.681 6.769 7.07
1.077 6.616 6.911 6.77 7.01 6.71 6.626 6.18 6.562 6.712 6.87 6.691 6.901 6.468 6.733 6.864 6.878 6.913 6.553 6.289 6.677 6.604 6.798 7.051 6.75 6.7 6.65 6.864 6.828 6.89 6.783 6.798 6.805 7.04 6.823 6.754 6.534 7.049 6.729 6.731 6.583 6.877 6.607 6.841 6.665 7.046 6.822 6.654 6.571 6.982 6.158 6.847 6.974 6.439 6.562 6.835 6.987 7.065 6.626 6.877 6.681 6.526 6.802 6.858 6.598 7.112 6.474 6.973 6.454 6.993 6.754 6.988 6.75 6.851 6.816 6.775 6.836 6.626 6.665 6.927 6.958 6.714 6.587 6.909 6.819 6.547 6.828 6.624 1.107 6.804 6.703 6.627 6.808 6.827 6.851 6.737 6.93 6.844 6.628 6.871
1.183 7.148 6.805 6.914 7.023 6.549 6.427 6.808 6.98 6.655 6.979 7.159 6.469 6.895 6.436 7.007 6.826 7.019 6.933 7.154 7.22 6.953 6.396 7.098 6.876 6.987 7.12 6.818 6.851 6.607 7.017 7.141 6.85 6.995 7.008 7.126 6.933 6.544 7.016 6.511 6.945 6.674 6.469 7.057 7.118 6.595 7.079 7.01 6.722 6.859 6.722 7.201 6.968 6.88 6.87 6.888 7.129 7.051 6.986 7.004 6.8 6.798 7.126 6.407 6.846 7.166 6.811 7.13 6.734 6.7 6.778 6.812 6.773 6.816 7.033 6.691 6.516 6.78 6.915 6.708 6.941 6.783 6.917 6.996 6.56 7.119 6.611 7.156 1.101 6.902 7.054 7.023 7.106 7.12 6.929 6.736 6.724 7.023 7.171 6.846
1.173 6.753 6.632 6.707 6.663 7 6.171 6.957 7.09 6.291 6.551 6.887 6.956 7.22 6.723 7.082 7.128 6.432 6.389 6.789 6.826 7.09 6.402 7.052 6.87 7.223 6.603 7.245 6.725 6.976 6.823 6.756 6.736 6.987 6.673 6.887 6.64 6.736 7.048 7.011 7.057 6.361 7.011 6.937 6.695 6.922 6.869 6.81 6.971 7.166 6.744 6.896 6.82 6.904 6.982 6.884 7.002 7.026 6.633 7.15 6.971 6.973 6.772 6.981 6.872 6.821 7.063 7.223 6.944 6.969 6.954 6.48 6.828 6.597 6.732 6.651 6.643 6.833 7.147 6.797 7.099 7.066 7.05 7.018 6.739 6.912 6.713 7.042 1.17 6.722 6.529 6.94 7.04 7.074 6.995 6.793 6.738 7.011 6.896 6.717
1.029 6.881 6.756 6.679 6.578 6.835 6.674 6.775 6.951 7.063 6.439 6.536 7.009 6.963 6.922 6.738 6.46 6.644 6.987 6.72 7.28 6.925 7.003 6.73 7.26 7.052 7.046 6.679 7.053 7.153 6.883 6.677 6.842 6.809 6.979 7.134 6.9 7.135 6.97 7.068 6.907 6.583 6.774 6.821 6.813 6.907 7.005 7.146 7.116 6.862 7.155 6.878 6.911 6.817 5.871 7.052 7.064 7.174 6.901 6.667 6.944 6.865 6.96 7.031 6.908 6.957 7.091 7.077 6.589 7.197 7.022 7.196 7.048 6.961 7.299 7.109 6.681 6.823 7.242 6.633 6.811 6.86 7.199 7.073 7.143 6.693 7.07 6.615 1.325 7.085 7.049 7.123 7.114 6.857 6.849 6.762 7.252 6.934 6.975 6.975
1.136 5.891 6.6 7.135 6.945 6.433 6.573 7.219 6.135 6.702 6.742 7.122 6.756 6.205 6.684 6.507 6.822 6.898 6.982 6.843 6.955 7.133 6.857 6.997 6.886 7.086 6.522 6.898 6.757 6.998 6.928 6.832 6.806 6.968 6.711 6.488 6.842 6.445 6.855 6.63 6.625 6.858 7.114 6.741 6.916 6.906 7.026 6.742 6.91 7.011 6.896 7.072 7.115 6.868 6.931 7.252 6.874 7.079 6.823 6.865 6.66 6.869 6.712 7.112 6.934 6.602 7.048 6.81 6.936 6.767 6.857 7.139 6.937 6.87 6.567 6.55 6.808 6.914 6.434 6.974 6.997 6.533 7 6.721 6.708 6.908 6.883 7.046 1.132 7.145 6.914 6.679 7.132 7.168 7.077 6.922 6.582 7.015 6.782 6.926
1.061 6.982 7.007 7.108 6.677 7.048 6.922 6.87 7.244 6.486 6.579 7.053 7.162 6.366 7.084 7.191 6.9 6.602 6.929 6.532 7.005 7.002 7.169 6.797 7.1 7.266 7.107 6.777 6.978 6.919 7.174 6.927 6.826 6.197 7.107 6.986 7.055 6.658 7.218 6.848 6.987 7.007 6.985 6.869 6.445 7.058 7.014 6.704 6.86 7.039 6.616 6.928 6.909 6.839 6.616 6.939 6.394 6.942 6.931 7.101 7.115 7.093 6.962 7.107 7.171 7.041 7.228 7.052 6.531 6.874 6.761 6.287 6.955 6.995 6.924 7.024 7.085 7.389 7.185 6.791 6.703 6.953 6.853 7.063 6.96 6.834 6.854 7.057 1.236 6.894 6.696 6.758 6.969 6.842 7.006 6.963 6.97 6.802 7.064 6.911
1.199 6.604 6.894 6.714 6.665 6.961 7.098 6.808 7.085 6.554 6.585 6.674 7.054 6.615 6.801 6.739 6.989 6.881 6.869 6.717 6.906 7.094 6.973 6.955 6.96 6.646 7.224 7.215 7.158 6.915 6.825 6.854 6.994 7.164 7.005 6.737 6.813 6.89 7.185 7.016 7.088 6.885 6.998 7.31 6.577 6.903 7.154 6.989 6.745 7.188 6.934 6.937 7.172 6.88 6.957 6.92 6.729 6.854 6.874 7.027 7.042 6.812 7.103 6.866 7.087 6.757 7.041 7.218 6.876 7.077 7.119 7.137 7.135 6.898 7.11 7.121 6.395 6.87 7.064 7.102 6.306 6.76 6.81 7.083 6.912 7.186 6.903 6.955 1.163 6.727 6.942 7.169 6.523 6.979 7.028 6.944 7.03 7.183 6.949 6.679
1.159 6.777 7.079 6.726 6.854 6.751 6.844 6.751 6.953 6.587 6.904 6.797 6.491 6.393 6.749 7.022 6.401 6.188 6.684 6.924 7.088 6.989 6.791 7.102 6.4 6.562 7.004 6.647 6.878 7.024 6.991 7.101 6.966 7.084 7.192 6.845 7.055 6.924 7.002 6.912 6.575 6.895 6.331 7.019 6.619 6.689 6.918 7.119 7.105 6.697 6.814 6.841 6.904 6.773 6.848 6.952 7.011 6.805 6.916 6.739 6.921 6.872 6.802 6.77 6.946 6.796 6.94 6.911 6.939 6.965 7.022 6.724 6.741 6.986 6.723 6.956 6.594 6.601 6.748 6.936 6.438 7.008 6.937 6.282 6.737 7.055 6.817 7.063 1.134 6.859 6.617 7.008 6.852 6.976 6.511 6.847 6.866 6.895 6.977 6.809
1.288 6.957 6.199 7.184 6.854 6.831 6.764 6.558 7.115 6.713 6.95 6.753 6.446 6.711 6.372 6.786 7.023 6.911 6.489 6.99 6.771 7.234 6.89 6.615 7.264 7.138 6.849 7.023 6.657 6.874 6.653 6.565 6.755 6.76 7.266 7.199 6.983 7.149 7.28 6.926 7.089 6.925 6.7 6.718 6.786 6.88 7.15 6.599 6.961 7.206 6.766 6.775 7.028 7.09 7.073 7 7.08 6.292 6.942 6.562 6.894 7.095 6.88 6.945 7.148 6.904 7.049 7.159 6.798 6.813 7.085 6.989 6.875 6.878 6.642 7.037 6.832 6.867 7.065 6.999 6.803 6.56 6.765 6.744 7.336 7.108 6.919 6.887 0.96 7.122 7.049 7.069 7.02 7.063 6.853 7.153 6.809 6.367 6.812 6.676
1.217 6.845 6.757 7.023 6.901 7.107 7.047 6.684 7.052 6.722 6.06 6.583 6.681 6.055 6.752 6.533 6.682 6.391 7.025 7.013 6.843 6.986 6.971 6.519 6.751 6.601 6.723 6.393 7.11 6.993 6.704 6.282 6.86 6.833 6.626 6.834 6.677 7.078 7.153 6.881 6.652 6.709 7.077 7.042 7.12 6.805 6.981 7.115 6.76 6.85 6.956 6.937 6.958 6.997 6.844 6.775 7.13 6.86 6.818 6.828 6.703 6.897 7.049 6.94 6.74 6.6 6.96 6.871 6.987 6.937 6.427 6.79 6.824 6.835 7.109 6.845 6.858 6.888 6.846 6.505 7.009 6.771 6.657 7.115 7.156 7.277 6.513 6.722 1.07 7.216 6.815 6.971 6.994 6.774 6.823 6.979 6.765 6.78 6.905 6.891
1.112 6.938 7.064 6.954 6.382 7.044 7.113 6.395 6.578 6.925 6.985 7.018 6.902 6.802 7.028 6.672 6.698 7.131 6.77 6.158 6.86 6.943 6.902 7.04 6.862 6.944 7.234 6.437 7.048 6.98 6.796 6.929 7.107 6.674 6.813 6.834 6.998 6.812 7.288 7.036 6.851 6.666 7.037 6.769 6.867 6.983 7.239 7.149 6.826 7.055 6.75 6.445 6.766 6.908 6.921 6.589 7.292 7.089 7.095 6.943 6.997 7.01 6.713 7.061 6.935 7.003 6.993 7.074 7.124 7.095 6.476 6.841 7.068 6.808 6.773 7.136 7.168 6.96 7.18 7.091 6.902 7.17 6.508 7.093 7.326 6.98 6.73 6.915 1.167 6.716 6.75 6.999 6.69 7.029 6.948 7.137 6.374 6.655 6.732 6.941
1.193 6.52 7.153 6.646 6.486 6.835 6.872 6.796 6.826 7.017 6.81 6.849 6.069 6.827 7.084 7.045 6.797 6.219 6.719 6.47 6.518 6.845 6.835 6.754 6.755 7.039 6.974 7.163 6.915 6.888 6.761 7.074 6.94 6.8 6.675 6.753 6.729 7.019 6.966 6.871 6.54 6.907 6.909 6.91 6.934 6.997 7.194 6.861 7 6.845 6.821 6.949 7.085 7.052 6.921 7.103 6.603 6.885 6.684 6.555 6.624 6.986 7.068 7.043 6.714 6.613 6.816 7.033 7.013 7.053 6.316 6.94 6.99 6.472 7.048 7.237 6.928 6.793 6.951 7.052 6.937 6.949 6.806 6.778 6.911 6.849 6.738 6.845 1.058 6.446 6.989 6.712 7.016 6.884 7.014 6.969 6.906 6.839 6.347 7.132
1.058 6.263 6.882 6.892 6.568 6.549 6.612 6.399 6.734 6.745 6.732 6.42 6.58 6.459 6.805 6.646 6.505 6.527 6.526 5.959 6.977 6.882 6.968 6.759 6.828 7.043 6.835 6.804 6.791 7.14 6.984 6.923 6.919 6.416 6.714 6.7 6.986 6.9 6.859 7.089 6.829 6.688 6.735 6.864 7.059 6.572 6.98 6.693 6.955 6.785 6.945 6.626 7.032 6.994 6.89 7.04 6.749 6.709 6.687 6.685 7.112 7.198 6.828 6.762 6.887 6.948 6.455 6.781 6.508 6.984 6.694 6.849 6.883 7.005 6.705 6.592 6.828 7.068 6.761 6.615 6.801 7.246 6.906 6.653 6.958 6.601 6.786 7.07 1.208 6.911 6.935 6.972 6.573 6.771 6.785 6.689 6.976 5.962 6.62 7.104
1.021 7.026 6.67 6.73 6.782 6.56 6.844 6.443 6.478 6.828 6.911 6.686 6.974 6.848 7.184 7.054 6.239 6.944 6.529 6.785 7.084 6.86 6.935 6.577 6.981 6.923 7.253 6.757 6.889 6.896 6.811 6.931 6.827 7.088 6.9 6.862 6.694 7.09 6.771 7.021 6.987 7.033 6.412 6.876 6.816 7.054 7.024 7.081 7.065 6.86 6.901 6.863 6.87 6.879 6.871 6.952 7.012 6.361 7.023 7.07 6.853 7.024 7.235 6.976 6.941 6.897 6.897 7.228 6.963 7.053 6.981 7.348 6.805 6.928 6.563 6.782 6.727 6.883 6.848 7.25 6.879 6.935 6.755 6.779 7.018 6.892 7.129 6.817 1.284 6.733 6.168 6.49 6.916 6.947 6.991 6.854 6.826 6.904 7.104 6.884
0.986 6.706 7.082 5.608 6.695 6.777 6.578 7.016 7.097 7.112 6.844 6.509 6.98 7.042 6.454 6.762 5.943 7.013 7.119 6.865 6.682 6.988 7.238 6.593 6.51 6.713 7.261 7.067 7.041 6.886 6.794 7.047 7.066 6.93 6.585 7.013 6.917 7.125 6.795 6.895 6.882 6.883 6.555 7.001 6.765 7.289 6.906 6.971 6.736 6.866 7.017 6.787 6.479 7.093 7.064 6.75 6.965 7.117 7.128 7.092 7.042 7.031 6.84 6.607 6.907 7.104 6.838 6.83 6.924 6.911 6.883 7.172 6.756 7.012 7.009 6.099 6.98 6.994 6.618 7.054 6.926 6.877 6.903 7.099 7.054 6.871 7.262 6.975 1.292 6.945 6.853 6.955 6.959 6.716 6.854 6.98 7.129 7.216 6.835 6.838
1.047 6.827 6.984 6.606 5.918 6.39 7.003 6.695 6.768 6.665 6.855 6.544 6.883 7.006 7.053 6.977 6.825 7.03 5.105 7.032 6.981 7.203 7.362 6.764 7.026 6.87 7.003 7.109 6.973 6.804 7.003 6.952 6.827 7.176 6.8 7.129 7.137 6.667 7.228 7.039 6.639 7.246 6.836 7.008 6.804 6.993 7.007 6.898 7.001 6.47 6.792 7.028 6.845 7.056 7.11 7.217 6.773 7.094 7.215 7.101 6.631 7.047 6.969 7.206 6.642 6.98 6.55 6.589 6.959 6.737 7.083 6.824 7.028 6.948 6.945 6.755 7.191 6.864 6.622 6.308 6.658 6.991 6.761 7.037 6.922 7.134 7.189 6.974 1.342 7.034 6.77 7.174 6.913 6.846 7.038 7.132 7.093 7.113 6.82 6.983
1.106 6.674 6.454 6.452 6.432 6.642 6.205 6.624 6.377 6.962 6.67 6.666 6.949 6.879 6.296 6.382 6.733 6.836 6.785 6.268 6.994 6.991 6.871 7.004 6.882 6.839 6.937 6.884 7.022 7.037 6.912 7.009 6.82 7.016 6.807 6.928 6.827 6.857 6.959 6.874 6.803 6.963 7.066 6.9 7.129 6.753 6.892 7.102 6.822 7.139 6.731 6.828 7.004 6.859 6.731 6.98 6.886 6.79 7.213 6.939 6.778 6.793 6.686 6.512 6.794 6.945 7.047 6.422 6.843 6.964 6.895 6.866 6.99 7.026 6.949 7.143 7.043 6.883 7.014 6.624 6.794 6.901 6.726 6.691 7.157 6.811 6.88 6.808 1.182 6.562 6.62 6.888 6.785 7.079 7.302 6.896 6.82 6.918 6.831 6.585
1.161 6.879 6.325 6.914 6.89 6.931 7.035 6.656 6.864 6.802 6.629 6.798 6.701 6.863 6.672 6.892 6.87 6.989 7 7.23 6.777 7.252 7.234 7.04 7.004 7.052 7.255 7.049 6.669 7.152 6.953 6.455 6.97 7.072 6.953 6.785 7.108 6.96 7.235 7.322 7.338 6.914 6.994 7.13 7.029 7.411 7.099 6.877 7.182 6.9 7.035 7.141 6.951 6.812 6.913 7.146 6.947 7.054 6.829 7.245 6.795 7.34 6.641 7.02 7.064 6.838 6.972 6.995 7.108 7.384 7.054 6.907 7.055 6.751 7.199 6.801 6.916 7.184 6.799 6.677 7.219 7.117 7.12 6.8 7.083 6.843 6.987 7.288 1.102 6.78 7.088 6.793 6.892 6.454 7.182 6.567 6.911 6.78 6.964 7.154
1.154 6.46 6.837 6.936 6.737 6.45 6.739 6.276 6.724 6.622 6.834 6.548 6.002 6.821 6.94 6.836 7.085 6.841 6.854 6.953 5.872 7.102 6.953 7.108 6.696 6.624 6.713 6.615 6.813 6.966 6.816 6.923 6.854 6.814 6.716 6.947 7.061 7.077 6.983 6.86 6.96 6.986 6.845 6.588 6.97 6.989 6.724 7.184 6.96 6.806 6.778 6.891 6.287 6.737 6.993 6.918 6.322 6.997 7.151 6.85 7.024 6.666 6.815 6.758 6.771 6.96 6.895 6.876 6.862 6.549 6.885 7.101 6.625 6.856 6.994 6.936 6.782 6.946 6.912 6.832 6.791 7.077 6.793 6.501 6.915 6.702 6.677 7.085 1.158 6.839 6.906 6.789 6.865 7.271 6.602 6.893 6.875 6.75 6.912 6.619
1.262 6.974 7.045 6.621 6.67 6.386 6.645 6.475 6.431 6.839 6.978 6.801 5.895 6.233 7.115 6.824 6.966 6.676 6.523 6.828 6.569 6.716 7.213 6.918 6.801 6.27 7.019 7.163 6.627 6.776 6.897 7.255 6.947 6.821 6.77 6.971 6.893 6.882 7.065 6.389 6.83 7.129 6.822 6.938 6.916 7.1 7.19 6.93 7.112 6.957 6.492 6.794 6.754 6.814 7.217 7.005 6.836 6.944 7.073 6.826 7.194 6.985 6.674 6.836 6.883 7.222 6.927 6.476 6.86 6.655 6.819 6.789 6.731 6.802 6.892 7.117 6.938 7.012 7.143 6.994 6.98 6.716 6.86 6.843 6.929 6.226 6.755 6.941 1.069 7.184 7.024 6.756 6.655 6.918 6.824 7.068 6.757 6.73 6.869 7.041
1.073 7.269 7.003 7.042 6.805 6.504 7.108 6.543 6.873 6.92 6.368 7.145 6.967 7.01 7.117 6.662 6.821 6.941 7.094 6.577 6.837 7.089 6.916 7.196 7.018 6.988 6.994 7.01 7.04 6.617 6.804 7.096 6.916 6.953 6.951 6.818 7.333 6.767 7.047 6.837 7.33 7.203 7.248 6.969 6.673 6.919 6.926 6.134 7.036 7.075 7.281 7.108 6.595 6.811 7.018 6.989 6.416 6.948 6.982 7.019 7.112 6.459 6.641 6.939 7.008 6.841 6.907 6.991 6.888 6.868 6.787 7.038 6.936 7.191 6.762 6.95 7.075 6.843 6.702 7.017 6.792 7.103 6.95 6.987 7.323 6.766 6.918 7.06 1.29 6.632 6.994 7.263 7.06 7.175 6.924 6.792 7.025 6.299 6.999 6.836
1.321 6.414 6.558 6.547 6.519 6.929 6.586 6.428 6.607 6.948 6.869 6.916 6.733 6.941 7.018 7.179 6.696 6.228 5.992 6.792 7.303 6.997 7.106 6.821 6.88 7.13 6.95 6.871 6.902 7.067 7.012 6.796 6.652 6.885 6.83 6.913 6.978 7.267 6.713 6.886 7.358 6.758 6.714 6.888 6.851 7.023 6.89 6.988 6.342 7.086 6.927 6.872 6.63 6.601 6.662 7.146 6.976 7.148 7.142 7.047 7.053 6.567 6.701 6.913 6.99 6.744 6.993 6.918 6.656 6.919 6.635 6.788 6.748 6.879 7.17 6.992 6.746 6.874 6.478 7.18 6.807 7.005 6.995 7.336 7.116 7.018 6.743 6.855 1.06 7.061 6.818 7.137 6.885 7.151 7.112 6.793 6.634 6.34 6.911 6.937
1.19 6.456 6.363 6.99 6.837 5.899 6.527 6.597 6.744 6.587 6.68 7.074 6.577 6.409 6.499 6.666 6.776 6.995 6.801 6.666 6.94 6.869 7.025 6.957 6.778 6.591 6.65 6.926 6.454 6.867 6.818 6.761 7.19 7.146 6.799 6.864 6.796 6.798 6.945 6.909 6.697 6.809 6.759 6.553 6.91 6.88 6.867 6.927 7.045 6.935 6.629 6.788 6.628 6.907 6.819 6.948 6.688 6.726 7.091 7.031 6.867 6.58 6.868 6.436 6.835 6.838 6.666 6.773 6.86 6.952 6.942 7.043 6.928 7.095 6.526 6.96 6.889 6.878 6.97 6.627 6.708 6.859 6.9 7.156 6.934 6.841 7.148 6.978 1.115 7.072 7.047 6.449 7.014 6.62 6.767 7.045 7.058 6.807 7.038 6.834
0.961 7.051 6.771 7.004 6.979 6.592 6.793 6.92 7.096 6.803 6.817 6.782 7.024 6.641 6.577 6.219 6.385 6.98 6.319 6.996 7.053 6.97 6.66 6.973 6.781 6.967 7.046 6.954 7.174 6.692 6.813 6.947 6.634 7.226 6.699 6.483 6.746 6.97 6.56 7.012 7.086 6.84 7.022 6.874 6.734 7.223 7.042 6.969 7.087 7.262 6.797 7.009 7.227 6.987 6.912 6.427 6.722 6.865 6.876 7.056 6.966 6.575 6.815 6.991 6.883 6.643 6.956 7.057 7.294 7.096 6.775 7.009 6.877 7.069 6.587 7.168 7.076 6.854 6.769 7.096 6.998 6.997 7.046 6.688 7.141 6.887 7.02 6.959 1.325 7.038 6.646 6.596 6.822 6.931 7.134 6.972 7.028 6.547 7.007 7.087
1.202 6.913 7.126 7.052 6.57 7.426 6.624 5.958 6.75 7.205 7.215 6.863 6.898 6.68 7.183 6.524 6.557 6.549 6.698 7.047 7.017 6.916 6.866 6.798 6.837 7.082 7.231 6.949 7.068 6.866 7.075 7.246 7.152 6.922 6.787 6.618 6.695 7.089 6.811 6.873 6.766 7.038 6.826 7.123 7.119 7.018 6.963 7.04 7.039 7.255 6.763 6.812 7.052 7.288 7.105 6.983 7.055 7.215 6.846 6.976 6.806 6.899 7.067 6.483 7.198 6.94 6.974 6.957 7.053 7.011 6.84 6.96 7.161 7.044 7.004 6.788 6.832 6.419 7.068 6.985 6.691 6.83 7.067 6.775 6.802 6.958 7.061 6.781 1.094 7.042 6.741 6.689 6.798 6.835 6.954 7.013 6.696 7.066 7.073 7.223
1.106 7.052 6.574 7.079 6.648 7.086 6.894 6.861 5.766 6.676 6.909 7.108 6.776 6.771 6.53 7.055 7.189 6.497 7.102 6.741 7.36 6.839 7.03 7.341 7.009 6.863 7.155 7.045 6.645 7.037 6.885 6.788 6.84 6.961 6.858 6.75 7.061 7.01 7.357 6.586 7.111 6.811 6.899 6.898 7.103 6.849 6.738 6.81 6.694 7.199 7.026 7.093 6.945 6.862 7.038 7.08 6.758 6.868 7.027 7.097 7.018 7.168 7.069 7.143 6.574 6.976 7.186 7.059 6.913 6.985 6.784 7.106 6.884 6.963 7.095 6.844 6.839 6.232 6.843 6.954 6.723 6.941 7.071 7.301 6.772 7.098 7.256 6.907 1.232 6.898 6.725 7.25 7.131 6.872 7.047 7.055 7.217 6.686 6.904 6.908
1.066 6.482 6.847 6.907 5.98 7.096 6.766 6.899 6.994 6.644 6.689 6.834 6.037 6.972 5.821 6.661 7.027 6.646 6.468 6.393 7.091 7.028 6.93 6.649 6.712 7.019 6.908 7.154 6.799 6.855 6.757 6.5 6.855 7.069 6.984 6.716 7.046 6.89 6.946 6.629 6.917 6.851 7.096 7.088 6.75 6.821 6.704 6.721 6.81 7.049 6.482 6.653 7.048 6.766 6.936 6.505 7.019 6.726 6.982 6.771 7.353 6.994 6.472 6.902 7.31 6.786 7.136 6.947 6.773 6.874 6.628 6.882 6.917 6.959 7.038 7.062 6.842 7 6.818 6.869 6.909 6.855 6.772 7.021 6.822 6.31 6.797 7.109 1.27 6.683 7.113 7.039 6.987 7.013 6.744 6.562 7.072 6.796 6.779 7.144
1.135 6.616 6.233 6.813 6.421 6.701 6.899 7.143 6.556 6.722 6.261 6.701 6.83 6.499 5.958 6.7 7.043 6.191 6.01 7.083 6.796 6.906 6.981 7.014 6.55 6.549 7.037 7.028 7.013 7.016 6.981 6.609 6.843 7.034 7.001 6.608 7.127 6.685 6.743 6.994 6.864 7.079 6.792 7.116 7.017 6.987 7.075 7.022 7.15 6.571 6.879 6.858 7 7.113 7.01 7.373 6.955 6.962 6.767 7.106 7.155 6.698 7.2 6.887 7.079 7.049 6.86 7.205 7.086 7.086 6.663 6.878 7.002 6.873 6.894 6.922 6.947 7.002 7.086 6.764 6.682 7.058 7.062 6.908 7.044 6.613 6.827 6.948 1.092 6.945 6.944 6.874 7.11 6.814 6.992 7.204 6.752 7.02 6.923 6.856
1.256 6.9 6.667 6.975 6.727 6.181 6.253 7.111 6.835 6.954 6.502 6.806 6.835 6.662 7.083 6.621 7.029 6.749 6.948 6.747 6.873 6.663 6.661 7.301 6.71 6.849 7.09 6.707 6.917 7.096 6.404 7.343 6.662 6.471 6.184 6.945 7.008 6.904 7.023 6.825 6.528 6.923 7.225 7.162 6.975 6.718 7.049 6.966 7.08 6.995 7.102 7.103 6.888 7.001 6.732 6.916 7.273 7.006 7.057 7.052 6.927 6.248 6.656 6.584 7.001 7.077 6.807 6.668 6.333 6.712 6.81 6.936 7.01 7.003 7.031 6.863 6.895 6.852 7.169 7.03 6.888 7.067 7.058 6.631 7.039 7.206 7.058 6.876 1.084 6.792 6.565 6.802 7.338 6.885 6.996 7.238 6.864 6.82 7.198 6.491
1.179 6.796 6.718 6.751 6.949 6.866 6.529 7.045 7.08 6.84 7.077 6.922 7.047 6.223 6.75 7.318 6.773 6.429 6.972 6.879 6.64 6.74 6.892 6.946 7.019 6.829 7.072 6.936 6.884 6.961 7.116 6.953 6.822 6.967 6.716 6.693 6.636 7.106 7.107 6.999 6.897 7.244 6.75 6.812 6.183 7.09 6.828 7.012 6.923 7.21 7.204 7.231 6.701 6.754 6.718 6.691 6.76 6.861 6.792 6.993 7.005 7.049 6.968 7.201 7.127 7.102 6.762 7.015 6.804 7.138 7.023 6.933 7.018 6.722 7.084 7.046 6.214 6.973 6.926 7.145 6.854 7.181 6.999 6.417 6.802 7.03 6.761 6.706 1.112 7.161 7.285 6.992 6.987 6.906 7.105 6.509 7.334 6.881 7.117 6.749
1.244 6.633 6.929 7.139 6.72 6.88 6.53 7.237 6.347 6.969 6.865 6.602 7.28 7.127 6.995 7.009 6.65 6.569 6.623 7.048 6.884 7.191 6.991 7.436 7.069 6.771 6.975 7.178 6.844 6.839 6.772 6.83 7.117 7.035 7.05 6.848 7.044 7.173 7.074 6.943 6.645 7.091 7.07 7.04 6.896 7.047 6.823 6.731 7.139 6.772 6.83 6.981 7.119 6.906 7.11 7.339 6.908 6.713 7.023 6.664 7.113 7.258 7.1 6.853 7.219 7.014 6.408 6.8 6.995 6.953 7.117 6.387 6.595 6.668 7.154 6.976 6.609 6.667 7.133 6.722 7.102 6.992 6.804 6.888 7.242 6.991 7.131 6.95 1.05 7.323 6.893 6.888 6.69 6.827 6.999 6.921 7.179 7.001 6.144 6.623
1.191 6.641 6.538 6.715 6.612 6.363 6.854 6.391 6.725 6.465 6.295 6.697 6.82 6.757 7.09 6.869 6.969 6.729 6.872 6.924 6.406 6.737 7.112 6.879 6.898 6.772 6.847 6.86 6.949 6.584 6.932 6.942 7.064 6.596 7.171 7.228 6.914 6.892 6.741 6.825 6.687 6.904 6.723 6.568 6.548 6.863 6.436 6.937 6.961 6.318 6.878 6.95 7.133 6.811 6.72 6.838 7.133 6.639 6.779 6.602 6.69 6.399 6.902 6.941 6.881 6.806 6.992 6.38 6.992 6.896 6.746 7.102 6.116 6.801 6.96 6.814 6.789 7 7.092 7.001 6.591 6.842 7.079 6.887 6.762 7.127 6.648 6.758 1.079 6.865 6.942 6.854 7.22 7.108 6.874 6.896 7.135 6.779 7.03 6.713
1.135 6.549 6.976 5.936 6.639 6.74 6.461 6.831 6.808 6.957 6.683 6.721 6.558 6.878 6.997 6.704 6.556 6.696 6.715 6.811 6.693 7.095 6.678 6.89 6.645 6.482 6.734 6.544 6.877 6.934 6.898 6.882 6.924 6.752 6.88 6.65 6.828 6.569 6.824 6.792 7.051 6.834 6.782 6.891 6.776 7.001 7.21 6.781 6.669 6.186 6.863 6.57 6.64 6.824 6.631 6.789 6.744 6.841 7.089 6.83 7.05 6.866 6.84 7.156 6.906 6.825 6.994 6.8 6.594 6.961 6.746 6.647 6.813 6.889 6.805 6.984 6.732 7.035 6.605 6.939 6.974 6.79 6.863 6.774 6.634 6.627 6.657 6.889 1.15 6.697 7.127 6.928 6.903 7.019 6.849 6.792 6.773 6.474 7.094 6.853
1.206 6.846 6.701 6.759 6.552 6.989 6.353 6.794 6.832 6.88 6.354 6.945 6.821 6.501 7.156 6.97 6.612 6.432 6.835 6.872 6.764 7.042 6.86 6.935 6.555 6.861 6.528 6.945 6.835 6.736 6.69 6.78 6.441 6.821 7.174 7.01 6.926 6.757 7.124 6.943 6.864 7.082 6.474 6.441 6.909 6.534 6.139 6.885 7.17 7.031 7.177 6.716 6.642 6.609 7.057 7.181 7.009 6.821 6.75 6.794 7.089 6.748 6.855 6.841 6.719 6.64 6.687 6.847 6.966 6.992 6.846 7.074 6.848 7.182 6.834 7.112 7.052 6.777 7.133 6.884 7.169 6.637 6.84 7.063 6.665 6.812 6.963 6.863 1.086 6.912 7.063 7.185 6.692 7.065 6.883 6.705 7.021 6.963 6.981 6.49
1.024 6.922 6.776 7.18 6.594 6.676 6.915 6.812 6.991 6.961 6.887 6.519 7.004 6.62 6.945 6.493 6.227 6.484 7.23 6.972 7.173 6.58 6.93 6.867 7.121 6.561 6.884 6.952 6.919 7.177 7.111 7.133 6.719 7.025 6.997 6.839 7.018 7.261 6.725 6.728 6.992 6.946 6.376 7.056 6.807 6.892 7.054 7.03 7.125 7.118 6.983 6.806 7.173 7.003 7.138 6.899 7.146 7.035 6.888 7.235 6.754 6.93 7.057 6.731 6.156 6.539 6.527 7.188 6.913 7.136 6.364 7.019 6.569 6.982 6.9 7.025 7.011 7.052 6.911 6.747 6.937 6.771 7.055 6.867 7.112 6.98 6.925 6.901 1.301 6.645 7.172 7.168 6.266 7.055 6.859 7.067 7.17 6.84 7.027 6.996
1.235 6.618 6.873 6.836 7.049 6.015 6.838 6.525 7.008 6.853 6.824 6.232 6.581 7.084 6.922 6.928 6.846 6.121 6.657 6.896 7.087 6.894 6.828 6.888 6.995 6.99 6.744 6.947 7.055 6.706 6.527 6.879 6.896 6.879 7.202 6.715 7.036 6.597 7.022 6.739 6.933 6.999 7.19 7.016 6.883 6.881 7.098 6.909 6.698 7.132 7.223 6.747 6.913 6.394 6.826 6.857 6.926 7.127 7.133 7.038 6.827 6.792 6.915 7.167 6.731 7.008 7.009 7.078 6.903 6.85 6.903 7.06 6.68 7.257 6.881 6.777 6.762 7.09 6.996 7.036 6.872 7.113 7.295 7.118 6.989 6.757 7.382 6.9 1.008 6.727 6.986 7.02 6.469 7.049 6.951 6.919 7.058 6.821 6.881 7.001
0.992 6.83 6.888 6.84 6.834 6.8 6.637 6.596 6.962 6.271 6.713 6.787 6.739 7.096 6.324 6.722 6.456 6.707 6.72 6.631 6.899 6.388 6.857 7.009 6.446 6.948 7.204 6.719 6.983 7.037 6.71 6.813 6.827 6.93 6.626 6.974 6.906 6.842 6.856 7.096 7.152 7 6.319 6.918 7.066 6.535 7.02 7.003 6.486 7.039 6.945 6.738 6.934 7.03 6.586 6.785 6.503 6.925 6.889 6.845 6.915 7.057 7.164 6.839 6.946 6.724 6.943 6.732 6.775 6.813 6.704 6.769 6.597 6.868 6.604 6.807 7.078 7.03 6.745 6.985 6.659 6.711 6.598 6.66 6.507 7.121 6.749 6.908 1.314 6.964 6.945 6.838 6.313 6.965 7.272 6.714 6.988 6.926 6.894 7.118
1.133 7.261 6.548 6.612 6.771 6.604 6.784 7.004 6.987 7.131 7.066 7.262 7.024 7.248 6.936 6.874 6.873 6.8 6.976 7.211 6.703 7.091 7.202 6.841 6.603 7.194 7.034 7.122 7.011 6.551 6.991 7.004 7.03 6.967 7.027 7.002 7.083 6.985 7.203 6.913 6.509 7.034 7.091 7.246 7.321 7.166 6.809 7.081 7.162 6.935 7.069 7.106 7.177 7.011 7.116 6.9 6.942 7.156 7.086 6.939 7.166 6.768 7.081 6.973 7.469 7.175 7.094 7.142 7.151 6.98 6.95 6.956 7.258 7.199 6.894 7.337 7.341 7.009 7.243 7.158 7.011 6.996 6.617 6.731 7.118 6.95 7.253 7.016 1.186 6.988 7.188 6.832 7.135 7.17 7.051 6.716 7.09 6.89 7.099 7.266
1.124 6.829 6.593 6.83 6.365 6.36 6.539 6.79 7.023 6.59 6.803 6.791 6.908 6.653 6.713 6.94 6.697 6.758 6.592 6.64 7.006 6.986 7.089 7.209 7.023 6.708 7.135 6.861 6.629 6.829 6.72 6.889 6.847 7.228 6.915 6.969 6.793 6.898 6.664 7.039 6.584 6.352 7.091 6.931 6.553 6.871 7.083 6.525 6.938 7.025 6.84 7.005 7.095 7.173 6.352 7.26 7.152 6.921 7.083 6.932 6.84 6.952 6.803 6.777 6.689 6.416 6.916 6.941 6.997 6.98 6.851 6.796 6.878 6.683 7.036 6.992 6.831 6.637 6.722 6.926 6.888 7.066 6.535 6.617 6.926 6.715 7.076 7.119 1.213 6.436 6.726 6.891 6.782 6.96 7.198 6.73 6.87 7.007 7.225 7.079
1.093 7.044 6.479 7.044 6.746 6.892 7.003 6.559 6.91 6.786 7.039 6.952 7.037 7.231 7.118 6.998 6.887 7.335 6.529 7.161 6.765 7.089 7.113 6.449 6.909 6.834 6.872 6.764 7.192 6.652 6.754 6.826 7.065 6.833 7.05 7.125 7.002 7.259 7.064 6.848 7.181 7.124 6.974 6.741 6.805 7.18 7.112 7.008 6.789 6.647 7.054 6.394 6.931 6.618 7.005 6.795 6.846 6.783 7.023 6.823 6.863 6.976 7.109 7.21 7.195 7.17 6.864 6.762 6.944 6.725 6.885 7.197 6.497 6.933 6.755 7.144 6.972 6.64 6.94 6.517 7.158 6.836 6.954 6.925 7.066 6.922 6.795 6.994 1.103 6.965 7.063 7.348 6.789 6.309 6.876 6.816 6.466 7.048 6.79 6.691
1.241 6.815 6.964 6.629 6.779 6.401 6.972 6.829 6.983 6.778 7.268 7.195 6.104 6.995 6.821 6.703 6.865 7.204 6.865 7.184 6.965 6.87 7.189 6.902 7.233 7.001 6.862 6.896 6.791 7.162 6.922 7.054 6.831 7.15 7.177 6.834 7.152 7.104 6.479 6.682 7.183 6.952 7.057 7.366 6.537 7.095 7.047 7.024 7.077 6.892 7.153 6.554 6.931 6.959 6.976 6.925 7.109 7.234 7.063 7.1 6.843 6.915 6.687 7.18 7.385 6.932 6.9 6.955 7.089 6.924 7.214 6.603 7.034 7.323 6.594 6.803 6.977 7.458 7.104 7.157 7.131 7.009 6.898 6.804 6.965 6.898 7.016 6.923 1.14 6.989 7.203 7.18 6.19 6.949 7.245 6.822 7.048 7.125 7.276 6.94
1.178 6.986 7.056 6.723 6.88 6.691 6.262 6.907 6.968 6.611 6.098 6.953 6.926 6.802 6.925 7.187 6.946 6.875 6.723 6.048 6.613 6.312 6.981 6.663 6.902 6.702 6.823 7.007 6.991 6.723 6.983 6.938 6.862 7.079 7.051 7.053 7.237 6.934 6.725 6.834 7.127 7.069 7.087 6.88 6.994 6.818 7.13 7.127 6.526 7.207 6.912 6.87 6.826 7.103 6.771 6.828 6.261 6.618 6.87 6.824 6.71 6.749 6.979 6.637 6.68 6.955 6.805 7.018 6.778 6.947 6.925 7.122 6.996 6.919 6.959 6.7 6.685 6.571 6.854 7.211 7.052 6.831 6.96 7.015 6.787 7.154 6.774 7.087 1.135 6.737 6.931 6.748 7.148 6.703 7.218 6.718 6.927 7.079 6.594 6.973
1.051 6.548 6.541 6.762 6.552 6.398 7.097 6.708 7.063 6.859 6.884 6.115 6.444 6.66 6.715 6.718 6.633 6.806 6.948 6.54 7.109 6.67 7.259 6.979 6.848 6.255 7.077 6.808 6.813 7.098 7.118 7.038 6.944 6.887 6.971 6.774 6.654 7.194 6.929 7.194 7.024 6.922 6.84 7.183 7.082 6.544 6.946 7.196 6.979 6.585 6.898 7.066 6.737 6.818 6.922 6.888 6.949 7.067 7.078 7.055 7.269 6.53 6.916 6.9 6.598 7 6.938 6.807 7.177 6.946 6.987 7.012 7.024 7.036 7.159 7.072 6.492 6.965 6.785 7.301 6.967 7.041 7.04 7.062 6.98 7.095 6.779 6.719 1.355 7.11 6.92 7.202 6.483 7.003 7.146 7.023 6.758 6.802 6.944 6.876
1.228 6.884 6.809 6.452 6.619 6.587 6.939 6.503 6.648 6.831 5.665 6.813 6.757 6.87 6.748 6.793 6.561 6.714 6.793 6.917 7.024 6.807 7.027 6.637 6.741 7.078 6.962 6.946 6.668 6.756 6.88 6.5 7.068 6.755 6.784 6.469 6.901 6.895 6.966 6.958 6.74 6.646 6.986 6.943 7.004 7.039 6.85 7.157 6.9 7.059 7.212 7.237 7.046 6.85 6.751 7.077 6.923 6.709 6.948 6.993 6.97 7.03 6.714 6.997 6.743 6.443 7.147 6.967 7.078 7.006 7.046 7.089 7.196 7.062 7.182 7.264 6.803 7.015 6.901 6.803 6.461 6.884 7.114 6.712 7.09 6.68 7.015 6.541 1.021 7.17 6.971 6.696 6.661 6.867 6.804 6.325 6.965 6.719 6.982 6.759
1.223 6.288 6.6 6.667 6.853 6.821 6.473 6.018 7.056 5.734 6.846 7.038 6.404 7.085 7.181 7.096 7.183 6.983 6.953 6.719 7.048 7.09 6.884 6.85 6.932 6.542 6.856 7.269 6.771 7.135 6.682 6.93 7.098 6.248 6.98 6.83 7.229 6.903 7.156 7.019 7.335 7.087 6.789 6.851 6.898 7.168 6.575 6.975 6.694 6.877 7.095 7.204 6.894 7.167 7.006 7.04 6.837 7.037 6.938 7.087 6.585 6.883 6.823 6.75 7.016 7.159 6.901 7.36 6.956 7.027 6.923 7.217 6.93 7.084 6.364 7.138 6.917 5.911 6.906 6.762 7.041 6.874 6.786 6.741 7.285 6.634 7.068 6.857 1.106 6.832 6.829 7.151 6.863 7.15 7.17 6.973 7.161 7.147 6.962 6.926
0.981 6.973 6.818 7.056 6.532 6.72 6.738 6.712 6.656 6.741 6.723 7.087 6.168 6.54 6.998 6.667 7.081 7.084 6.673 6.939 7.078 6.902 6.608 6.982 6.952 6.774 7.099 7.144 7.444 7.116 6.791 7.029 6.848 7.226 7.111 7.098 6.95 6.978 6.945 6.87 6.931 6.526 7.109 6.923 6.876 7.096 7.039 7.153 6.754 7.11 6.922 6.928 6.937 6.754 6.982 6.722 6.822 6.646 7.051 6.955 6.993 7.171 6.623 6.655 7.057 7.226 6.516 6.664 6.952 6.947 7.241 7.325 7.171 7.024 6.861 6.666 6.716 7.192 6.991 6.926 6.118 6.996 6.86 6.629 7.109 7.272 7.082 6.852 1.286 6.675 6.915 6.987 6.69 7.06 7.285 6.729 6.8 7.096 6.988 6.99
0.978 7.127 7.097 6.282 6.363 6.184 6.582 6.857 6.93 6.771 6.941 6.993 6.982 7.015 6.796 6.62 6.496 6.594 6.49 6.765 6.629 7.057 6.893 6.888 6.499 7.085 6.849 6.942 6.917 7.04 6.982 6.635 6.973 7.197 6.508 6.763 7.009 6.782 6.814 6.719 6.958 6.982 7.198 7.162 7.069 7.013 6.962 6.334 6.869 6.888 6.91 7.203 6.802 7.056 6.922 7.13 6.879 6.928 7.004 6.728 6.655 6.588 7.012 6.83 6.96 7.184 6.557 6.869 6.863 6.715 7.133 6.795 7.049 6.992 6.987 6.835 7.133 7.116 7.01 6.983 6.688 7.328 6.75 6.824 6.964 6.924 7.069 6.763 1.316 7.013 6.924 6.687 7.143 7 7.049 6.978 7.158 7.078 6.854 7.15
1.161 7.178 6.689 7.012 5.384 7.219 6.811 6.9 6.871 6.677 6.659 6.789 6.678 6.932 6.199 6.916 6.829 7.029 6.755 6.889 7.334 7.107 6.776 7.074 7.038 7.018 6.483 6.191 7.019 6.546 6.393 6.915 6.837 6.631 6.844 6.98 7.064 6.53 7.038 6.897 6.972 7.054 6.925 6.786 6.951 6.909 7.026 7.181 6.299 6.746 6.98 6.524 7.1 7.05 6.946 6.964 6.785 6.628 7.13 6.863 6.812 6.891 6.84 7.096 7.158 6.818 7.106 6.884 6.913 7.196 6.934 7.216 6.875 7.073 6.933 7.045 7.1 7.268 7.211 7.053 6.772 7.129 6.603 6.634 6.857 6.61 6.953 6.634 1.171 7.035 7.17 6.782 7.004 6.945 7.137 6.532 6.93 6.969 6.684 6.945
1.092 7.262 6.656 6.925 6.727 6.27 6.586 6.546 6.875 6.554 6.59 6.241 6.489 7.147 6.378 6.626 6.887 6.91 6.615 6.815 7.109 6.889 6.738 6.61 6.856 6.847 6.646 6.868 6.91 6.469 6.633 6.836 7.091 7.166 6.822 6.623 7.123 6.766 7.096 6.738 6.807 6.742 7.09 6.869 6.606 6.69 7.015 6.892 6.787 7.109 6.79 7.083 6.8 6.971 6.855 7.008 6.698 6.894 6.723 7.083 6.918 6.911 6.652 6.988 6.967 6.76 6.704 6.69 6.809 6.91 6.732 6.78 6.421 6.903 6.866 6.557 7.016 6.717 6.876 6.986 7.013 6.977 7.011 7.022 7.07 6.981 7.133 6.888 1.198 6.519 6.605 6.675 6.632 6.955 6.546 6.851 6.674 6.731 7.185 6.365
1.133 6.721 7.029 6.79 6.829 6.806 6.696 7.169 6.511 6.569 7.128 6.762 6.961 6.508 6.375 6.975 6.009 7.056 7.034 7.088 6.897 6.797 7.219 6.878 6.82 7.014 6.696 6.981 6.893 7.163 6.967 6.783 6.756 7.076 7.15 6.929 7.031 6.889 6.78 6.615 7.135 7.089 7.064 7.017 6.748 7.024 6.669 6.995 6.87 7.122 6.814 6.646 6.801 7.027 7.158 6.801 7.192 7.246 6.464 7.24 6.343 6.745 6.986 6.954 6.467 7.113 6.772 6.949 6.772 7.142 6.763 6.607 6.753 7.299 7.082 6.889 6.429 6.87 6.46 6.94 6.971 6.64 6.907 7.208 6.965 7.15 7.226 6.983 1.234 6.979 7.137 6.722 6.914 7.064 7.238 7.039 7.114 7.052 7.062 7.004
1.059 6.425 6.952 6.882 6.594 6.808 7.001 6.539 6.647 6.724 6.842 6.288 6.579 6.913 6.653 6.891 6.354 6.054 6.416 7.046 7.116 6.954 6.647 7.077 6.624 7.001 6.942 6.696 6.486 6.539 6.857 6.864 6.649 7.108 6.962 6.991 6.684 6.694 6.71 6.779 6.858 6.914 7 6.994 6.64 6.905 6.841 7.082 7.1 6.943 6.443 6.73 7.158 6.993 6.402 5.987 6.816 7.017 6.864 7.081 6.985 6.77 6.877 6.619 7.045 6.917 7.152 6.737 7.264 6.776 6.762 6.453 6.899 7.253 6.753 6.877 7.06 7.12 6.891 6.287 6.975 6.803 6.94 7.038 6.901 6.891 6.778 6.991 1.313 7.103 6.825 6.638 7.092 7.257 6.885 6.968 7.019 6.713 6.996 6.886
1.142 6.944 6.928 6.941 5.383 7.242 6.869 5.989 7.081 6.979 6.728 6.918 6.466 6.988 6.842 6.984 6.969 6.708 7.168 7.132 6.857 6.945 6.856 6.694 6.763 6.691 6.954 6.811 6.917 7.005 7.021 6.89 6.838 6.778 6.854 6.921 7.101 7.152 6.754 6.668 6.959 7.05 7.2 6.149 6.884 6.696 6.981 7.054 6.931 6.845 7.207 6.792 6.973 6.999 6.853 7.012 6.815 6.854 6.878 6.851 7.219 6.832 7.018 6.697 7.178 7.095 7.056 6.872 6.702 7.018 6.879 6.805 7.062 6.913 7.308 6.98 7.004 6.882 6.981 6.651 7.284 6.51 6.54 6.946 7.051 6.477 7.13 6.831 1.138 7.173 6.977 7.282 7.038 6.905 6.858 7.148 6.818 7.079 7.077 7.058
1.348 6.903 6.561 6.561 6.514 6.815 6.321 6.931 7.218 7.204 6.835 5.928 6.755 6.814 6.869 6.972 6.897 6.661 6.827 6.812 6.56 7.062 7.266 6.963 6.497 6.783 6.984 6.805 7.151 6.787 6.712 6.922 6.745 6.664 6.928 6.832 6.747 6.768 6.989 6.842 6.866 6.954 6.958 6.995 6.81 6.834 7.139 6.853 7.011 6.791 6.862 6.67 6.956 6.628 6.852 6.89 6.903 6.863 7.124 6.953 6.711 6.803 7.278 7.056 7.144 6.766 7.078 7.154 6.958 6.881 6.937 6.619 6.936 6.903 6.894 6.964 6.905 6.807 6.675 6.727 6.7 6.951 6.847 6.695 6.649 6.665 6.614 6.864 1.02 6.639 6.999 6.921 6.739 7.182 7.002 6.853 6.48 6.606 7.157 6.886
1.247 6.971 6.726 6.859 6.718 6.599 6.533 6.709 6.882 6.775 6.779 6.739 6.569 6.824 6.846 6.759 6.818 7.235 6.632 6.49 6.884 7.111 6.541 6.696 6.687 6.902 6.769 7.012 6.764 6.73 7.076 7.013 6.901 6.965 6.616 6.997 7.136 6.531 7.213 6.882 6.749 7.011 6.957 6.97 6.702 6.879 6.504 6.601 6.604 7.002 6.683 7.078 6.885 7.036 6.929 7.002 6.908 7.05 7.056 7.02 7.188 6.819 6.572 7.194 6.78 7.017 6.921 6.643 7.072 6.912 6.925 6.841 6.594 6.969 6.776 6.73 6.569 6.908 6.64 6.769 6.829 7.041 6.794 6.5 6.354 7.203 6.662 6.723 1.042 6.919 7.057 6.612 7.043 7.169 7.133 7.029 7.017 7.107 7.061 7.124
1.056 6.913 6.719 6.472 7.127 6.697 6.474 6.58 5.899 7.123 6.955 6.641 6.401 6.764 6.611 6.396 6.849 6.655 6.852 7.115 6.884 7.021 7.114 6.646 6.754 7.093 6.722 7.103 6.916 6.865 6.876 6.71 6.793 6.955 7.042 6.968 6.836 6.982 6.744 6.724 6.986 6.938 6.674 7.065 6.737 6.868 6.976 6.678 6.957 6.91 7.106 6.769 6.999 6.413 6.985 7.159 6.699 7.07 7.053 6.43 6.928 6.725 6.939 7.09 6.932 6.972 6.862 7.045 7.096 6.808 6.97 6.859 6.894 6.801 7.158 6.82 6.699 7.031 7.047 6.942 6.861 7.137 6.808 6.765 7.103 6.534 6.838 6.907 1.202 6.981 6.855 6.952 6.625 6.856 6.676 6.959 7.012 6.99 7.219 6.717
1.12 7.002 7.119 7.206 7.094 6.721 6.599 6.834 6.701 6.438 6.9 6.68 5.976 7.154 6.826 7.127 7.019 6.806 6.706 6.623 6.932 7.251 6.855 7.193 6.884 6.977 7.04 6.883 6.951 7.059 6.861 6.838 7.192 7.051 6.932 7.067 7.023 7.064 6.641 6.906 7.127 6.911 6.644 6.921 7.251 6.923 6.89 7.082 6.85 7.042 6.82 6.62 6.981 7.104 6.779 6.922 6.996 6.868 6.701 6.675 7.026 6.85 7.049 6.787 6.806 6.849 6.055 7.195 7.231 6.627 6.906 6.898 6.972 6.888 6.892 7.132 7.027 7.002 7.094 6.926 6.729 6.973 6.587 7.164 6.728 7.099 7.084 6.868 1.175 6.965 6.614 6.97 6.874 6.976 7.047 7.092 7.095 7.078 6.914 6.723
1.108 6.048 6.821 6.94 6.907 6.38 6.794 6.852 6.87 6.702 6.441 6.558 6.758 6.583 6.886 6.681 6.751 6.352 6.737 6.466 6.976 7.349 6.886 6.129 7.043 6.817 6.88 6.86 6.829 6.712 7.004 6.92 6.654 6.867 6.656 6.88 6.939 6.731 6.838 6.869 6.561 7.093 6.942 6.966 7.055 6.847 6.736 6.983 6.672 6.739 7.042 7.04 6.994 6.976 6.877 7.198 6.714 7.079 6.114 6.738 6.668 7.066 6.661 6.786 6.95 6.956 6.713 6.777 6.83 7.179 6.911 6.999 6.643 7.151 7.2 6.504 7.031 6.971 7.044 6.722 6.758 7.266 7.102 7.168 6.652 6.699 6.913 6.824 1.16 6.931 6.503 6.781 6.875 6.648 6.816 6.939 6.894 6.817 6.906 6.98
1.066 5.998 6.664 6.771 6.851 5.672 6.971 6.899 6.912 6.694 6.721 6.889 6.635 6.849 6.977 6.945 6.655 6.724 6.693 7.081 6.877 6.875 6.7 7.186 6.593 6.863 6.61 6.016 6.873 6.293 6.751 6.852 6.811 6.966 6.935 7.014 6.946 6.926 6.78 7.077 7.111 6.566 7.009 7.006 7.2 6.771 6.887 6.988 6.965 6.858 6.815 7.117 7.008 6.95 6.952 6.932 6.775 6.981 6.703 6.876 6.64 7.019 6.774 7.187 7.263 7.024 6.806 6.904 6.63 6.815 6.744 6.746 6.824 6.655 6.905 6.737 6.866 7.014 6.673 6.841 6.426 6.865 6.575 7.121 7.006 6.422 6.72 6.51 1.125 6.868 6.865 6.743 7.002 6.912 6.773 6.961 6.872 7.001 7.038 7.077
0.957 6.493 6.813 6.995 6.845 6.628 6.818 6.73 6.72 6.799 7.113 6.435 6.816 6.584 7.17 6.881 6.624 6.84 7.02 6.638 6.977 7.003 6.83 7.216 7.137 7.139 6.631 6.889 6.485 7.093 6.975 6.943 6.995 6.924 6.886 6.658 6.975 6.986 7.13 6.994 6.994 6.982 6.937 6.861 6.977 6.758 6.914 7.156 7.134 6.906 6.919 6.892 6.788 6.847 6.937 6.916 6.829 6.843 6.853 6.55 6.807 6.293 6.829 7.014 6.684 7.115 7.028 6.921 6.478 6.84 7.159 6.842 6.888 6.773 6.674 6.81 7.055 6.944 6.966 6.872 6.965 6.852 7.013 6.998 7.06 6.439 6.997 6.891 1.377 7.128 6.881 6.743 6.771 6.515 6.834 6.879 7.061 6.875 6.263 6.639
1.085 6.126 6.879 7.151 6.771 6.825 7.225 6.558 6.936 6.745 7.13 6.823 6.497 6.308 7.043 7.312 6.749 6.743 7.177 6.768 6.908 6.939 7.127 6.941 6.749 6.85 7.049 7.202 6.569 7.055 6.786 6.667 7.008 7.037 7.207 7.144 6.885 7.155 6.725 6.99 7.013 6.899 6.835 6.832 6.677 6.727 6.807 7.071 6.992 6.96 6.895 6.981 6.68 7.079 6.938 7.048 6.832 6.617 7.129 7.111 7.02 7.279 6.906 6.931 6.302 7.129 6.61 6.941 7.224 6.89 6.639 6.564 6.73 7.094 7.091 6.887 7.096 6.964 7.065 7.007 6.724 6.848 6.655 6.568 7.008 6.99 7.141 6.971 1.241 7.063 7.219 6.591 7.023 7.203 7.115 7.024 7.085 6.532 7.331 6.953
1.058 7.057 6.577 7.025 6.79 6.504 6.737 6.738 7.2 6.434 6.775 6.367 6.63 7.114 6.646 5.149 6.762 6.76 6.989 7.083 6.85 6.662 6.605 6.819 6.834 6.434 7.176 6.827 6.809 7.137 6.679 6.564 6.974 6.966 6.63 6.314 6.891 7.005 6.976 6.581 7.182 7.036 6.659 6.876 6.823 6.15 6.877 6.813 6.893 6.935 6.833 6.82 6.909 6.568 6.614 6.839 6.956 6.861 6.682 6.725 6.712 7.239 6.911 7.033 6.743 6.792 7.04 6.894 6.923 6.862 7.063 7.231 7.282 6.964 6.945 6.82 6.846 7.051 6.725 6.41 6.875 6.949 7.009 6.923 6.521 6.934 7.006 6.779 1.153 7.043 6.944 6.951 6.995 6.685 6.591 7.025 7.076 6.958 6.822 6.644
1.113 7.135 6.996 6.764 6.658 6.944 6.206 7.012 7.038 6.982 6.391 6.6 6.998 6.678 6.494 7.113 6.756 6.523 6.67 7.094 6.78 6.912 7.31 6.775 7.406 6.811 6.699 7.064 7.216 6.599 6.828 6.901 7.02 6.576 6.698 6.805 7 7.006 6.758 7.108 6.894 7.467 6.859 7.286 7.011 7.048 6.763 6.917 6.887 7.145 6.704 7.121 6.795 6.995 6.889 7.017 6.665 6.754 7.001 6.891 6.758 6.949 6.973 7.071 6.576 6.563 7.148 7.202 7.085 6.945 6.859 6.876 6.647 7.199 6.542 7.157 7.144 6.653 7.114 6.956 6.719 6.916 6.337 7.344 6.901 7.028 6.673 6.775 1.224 6.875 7.004 7.031 6.856 6.545 7.103 7.193 6.825 6.644 7.278 7.138
1.058 6.725 6.713 6.691 6.842 6.393 6.951 7.016 6.925 6.539 6.818 6.963 6.515 6.872 6.48 5.902 6.894 6.227 6.156 6.304 6.877 7.142 7.041 7.17 6.897 7.076 6.899 6.94 6.797 6.978 6.934 6.98 7.103 6.674 6.856 6.597 6.663 6.867 6.726 6.974 6.975 6.979 6.956 7.097 7.102 6.988 6.681 6.808 6.653 6.822 6.848 6.774 6.815 6.869 6.786 7.034 6.774 6.834 6.504 6.929 6.871 7.077 6.898 7.087 6.387 6.687 6.825 6.893 6.765 7.033 6.811 6.78 6.986 7.057 7.056 7.037 6.847 6.875 7.062 7.022 6.824 6.47 6.941 7.02 6.953 6.525 6.771 6.795 1.21 6.841 6.999 7.145 6.54 7.069 6.951 6.761 6.946 6.849 6.73 7.154
1.254 6.467 6.859 6.785 6.777 6.518 6.842 6.741 6.871 6.784 7.044 6.757 6.531 6.573 6.67 6.393 6.824 6.48 6.816 6.947 7.025 7.169 6.921 6.909 6.756 6.827 6.347 6.641 7.053 6.81 7.048 6.816 6.867 6.845 6.704 7.044 6.836 6.979 6.684 6.952 6.483 6.961 6.969 6.666 6.836 6.903 6.688 6.561 6.796 6.939 6.949 6.806 7.135 6.938 6.991 6.642 6.877 6.893 6.547 7.037 6.779 6.617 6.991 6.963 6.943 6.63 7.103 7.23 6.761 6.945 6.733 6.885 6.965 6.931 6.657 6.718 6.84 6.908 7.137 6.862 6.897 6.789 6.837 6.984 6.972 6.552 6.837 6.738 0.957 7.004 6.689 7.101 6.698 6.381 6.986 7.052 6.922 6.474 6.889 6.835
1.145 6.864 6.954 6.7 6.081 6.697 6.751 6.377 6.676 6.797 6.424 6.869 6.475 6.851 5.953 6.609 6.804 6.897 6.983 6.741 6.724 6.873 6.688 7.074 7.046 6.886 7.083 6.97 7.034 6.858 7.045 6.569 6.759 6.972 6.752 6.663 6.97 6.863 6.991 6.858 7.153 6.98 6.485 6.633 7.024 6.641 7.066 6.714 6.959 7.066 7.017 6.947 7.038 6.625 6.946 7.223 6.822 7.122 6.462 7.083 6.513 6.511 6.857 6.792 6.736 6.938 6.724 6.934 7.261 6.788 7.064 6.952 7.044 6.891 7.022 6.856 6.766 6.605 6.568 6.818 6.803 7.073 6.577 6.794 6.912 6.752 7.093 7.017 1.23 7.02 6.931 6.598 6.96 7.069 6.651 7.06 6.631 7.075 6.808 6.853
1.025 6.921 7.035 7.148 6.359 6.727 6.768 7.01 7.139 6.981 6.929 6.949 6.686 6.625 6.776 7.19 6.866 6.444 6.897 6.283 6.557 6.912 6.845 6.689 6.839 7.028 6.812 6.871 7.039 6.893 7.189 6.836 6.84 6.964 7.074 7.147 7.147 6.998 6.906 6.899 7.043 6.863 7.147 6.7 7.083 6.94 6.923 6.897 7.037 7.032 7.004 6.909 6.753 6.893 6.841 6.884 7.092 6.595 6.459 6.495 6.752 7.024 7.267 6.963 7.012 7.021 7.099 6.768 7.156 7.003 7.202 6.936 6.707 7.219 6.97 7.002 6.993 6.781 6.811 6.834 6.782 6.98 6.838 6.793 7.052 6.981 6.936 7.037 1.247 7.092 7.121 6.893 6.892 6.837 6.878 6.988 6.891 6.299 7.013 7.151
1.283 6.783 6.604 7.018 6.946 7.117 6.689 6.621 6.397 6.64 6.991 7.041 6.612 6.813 6.432 6.839 6.977 6.323 6.554 6.435 7.28 6.923 7.04 6.836 7.241 6.773 6.851 6.977 7.025 7.089 6.852 7.117 7.39 6.986 7.073 7.012 6.786 6.859 6.862 6.784 6.919 7.332 7.147 6.672 6.769 7.145 7.163 7.077 7.065 7.093 7.113 6.953 6.931 6.752 7.254 6.8 6.841 7.024 6.465 6.68 6.757 7.019 7.157 6.876 6.932 7.035 7.22 6.81 6.682 7.085 6.967 6.928 6.873 7.35 6.609 6.88 6.785 6.995 6.982 6.929 7.15 6.777 6.973 6.938 6.768 7.098 7.116 6.69 1.007 6.839 6.976 7.291 6.503 6.824 6.632 6.421 7.251 6.922 7.346 6.87
1.153 6.454 6.695 6.62 5.77 6.543 6.763 6.787 6.862 6.694 6.443 6.643 6.628 6.265 6.924 7.096 6.874 5.767 6.384 6.904 7.241 6.946 6.914 7.074 6.825 6.84 6.801 7.169 6.942 6.842 6.971 6.973 6.707 6.683 6.981 6.953 6.793 6.774 6.671 6.87 6.727 6.775 6.932 6.922 6.892 7.112 6.553 6.917 7.197 6.639 7.157 6.642 6.657 6.762 6.74 7.161 6.989 6.892 6.503 6.924 6.921 6.602 7.085 7.06 7.089 6.91 6.959 6.696 7.015 7.032 6.992 6.956 7.161 6.56 7.132 7.044 6.785 6.905 6.951 7.103 6.716 7.078 7.094 6.931 6.889 6.695 6.986 6.928 1.16 6.881 6.747 6.874 6.984 6.784 6.599 7.036 6.68 6.924 6.93 6.773
1.165 6.62 6.862 6.914 6.206 7.112 6.909 6.438 7.095 6.412 6.879 6.922 6.927 6.827 6.528 7.134 6.93 7.007 6.687 6.304 6.804 7.142 6.676 7.054 6.781 7.161 6.776 7.047 6.928 6.91 6.779 6.937 6.918 7.292 6.767 6.951 6.974 7.154 7.026 6.701 6.758 6.844 6.91 6.912 7.026 7.156 7.094 7.028 6.772 6.817 7.004 6.885 6.894 6.942 7.197 7.2 6.747 7.102 6.926 7.228 6.893 6.893 6.797 7.172 7.192 6.434 6.503 6.902 7.051 6.765 6.851 7.031 6.427 7.196 6.983 6.992 6.948 6.598 6.978 6.944 6.913 7.136 6.963 6.81 7.095 7.051 7.034 7.173 1.115 6.602 7.048 6.942 7.084 6.873 7.258 7.016 6.894 7.248 6.749 6.833
1.018 7.218 6.696 6.556 7.036 7.022 6.832 6.481 6.155 7.023 6.745 6.778 6.77 6.975 6.678 7.058 6.601 6.703 6.882 6.9 6.76 6.718 7.073 6.915 6.639 6.968 6.977 7.048 6.718 6.935 6.971 7.19 6.912 6.991 6.671 7.122 6.817 6.885 7.061 6.999 7.057 6.696 6.608 7.117 7.068 7.108 7.127 6.666 6.977 6.964 7.001 6.883 6.835 6.805 6.824 6.95 6.578 6.542 6.759 6.437 7.064 6.716 6.481 6.835 7.134 6.949 6.672 6.724 6.973 7.046 6.476 7.267 6.512 6.882 6.844 7.041 7.093 7.129 6.915 6.595 6.744 6.782 7.049 6.663 6.853 6.789 6.83 6.436 1.203 6.72 6.816 7.033 6.924 6.784 7.173 6.634 6.836 6.615 7.178 6.782
1.382 7.073 6.51 6.386 7.01 6.883 6.49 6.606 6.638 6.779 7.011 7.025 6.773 6.683 6.684 6.701 6.474 6.426 6.428 6.72 7.073 7.021 7.126 6.921 6.834 6.938 7.049 6.898 7.113 6.766 7.239 6.49 7.01 6.872 7.223 7.058 6.886 6.771 6.713 6.992 7.254 6.952 6.78 7.167 6.984 6.864 6.942 6.98 6.66 6.881 6.957 6.776 6.872 6.894 7.047 6.676 6.866 7.139 6.985 6.915 6.98 7.148 6.701 6.88 6.483 6.513 6.586 7.031 6.904 7.009 7.225 7.142 6.914 6.846 6.76 6.867 7.123 6.905 6.6 7.073 6.937 6.327 7.115 6.831 7.127 7.006 6.799 7.313 1.006 6.898 7.22 7.004 6.516 7.036 7.255 7.042 7.033 7.012 6.693 6.529
1.147 6.842 6.593 6.356 6.679 7.053 6.806 6.319 6.804 6.83 6.868 6.807 6.474 6.986 6.859 6.975 6.816 6.561 6.782 6.68 6.944 7.197 6.781 6.872 6.813 6.801 7.016 6.934 6.633 7.004 6.024 6.959 6.971 6.952 6.992 6.752 6.826 6.821 6.657 7.202 6.423 7.004 6.684 6.562 6.943 6.787 6.73 7.401 7.133 6.787 6.935 6.985 7.019 6.956 6.751 6.914 6.88 6.956 6.896 6.857 6.775 7.104 7.035 7.123 6.422 6.372 6.671 6.791 6.708 6.768 6.654 6.904 6.585 6.771 6.484 6.829 7.04 6.427 7.117 6.609 6.733 6.932 7.098 6.676 6.535 6.915 6.939 6.845 1.113 6.964 6.714 6.792 6.67 7.092 6.721 7.031 7.15 6.917 7.099 6.758
0.975 6.76 6.776 7.144 6.797 6.535 7.025 6.735 5.826 6.695 6.839 6.966 5.956 6.823 6.814 6.89 6.811 6.687 6.304 7.025 6.672 6.867 6.835 6.84 6.394 6.656 6.735 7.195 6.989 6.577 6.984 6.984 6.883 6.808 6.924 6.916 6.885 6.783 6.968 7.074 6.873 7.181 6.704 6.461 6.985 6.639 6.63 6.944 6.824 6.789 7.015 6.718 6.705 7.01 6.781 6.904 6.964 6.61 6.72 6.852 6.803 6.884 6.867 6.865 6.362 6.803 6.735 6.765 6.811 6.769 6.988 6.67 6.621 6.575 6.695 7.223 6.939 6.615 6.799 6.773 7.04 6.964 6.952 6.704 6.875 6.86 7.128 6.557 1.252 6.675 6.953 6.661 7.036 6.839 7.025 6.945 6.819 7.005 6.763 6.817
1.127 7.131 7.096 6.46 6.807 6.187 6.704 7.076 6.296 7.103 7.129 7.184 6.498 7.084 7.038 6.823 6.771 6.541 7.058 7.146 6.861 6.814 7.063 6.5 6.82 6.831 7.018 6.961 7.016 7.002 7.038 6.906 6.651 6.997 7.186 6.601 7.027 6.93 7.006 6.843 6.449 7.046 6.946 6.941 6.899 6.673 6.76 6.711 6.869 6.875 6.97 6.624 6.906 7.138 6.755 7.057 6.868 6.951 6.796 6.533 7.041 6.735 6.977 6.946 6.942 6.913 7.069 6.956 6.757 6.94 6.73 6.885 7.321 7.103 6.693 6.912 7.085 7.011 6.631 6.868 6.577 7.158 6.617 6.705 6.397 7.128 6.478 6.939 1.249 7.168 6.958 7.13 7.092 7.249 6.822 6.76 6.664 6.85 6.753 6.725
1.296 6.964 7.171 6.958 7.155 6.94 6.327 6.869 6.771 7.051 6.849 6.858 7.011 6.84 6.408 7.012 6.282 6.545 6.602 7.139 6.78 7.261 6.421 7.105 6.581 7.199 6.902 6.746 6.991 6.743 6.962 6.782 7.089 6.669 6.974 6.207 7.206 7.32 6.666 6.882 6.892 7.153 6.746 7.025 6.943 7.116 6.932 6.871 6.856 7.256 6.958 7.199 6.927 6.972 6.768 6.944 7.096 6.982 6.597 7.095 6.857 6.987 7.134 6.162 6.804 7.01 6.714 7.095 6.986 6.513 6.907 7.149 6.969 7.299 7.084 6.667 6.85 7.039 6.783 7.054 6.994 7.135 6.821 6.554 6.644 7.055 6.781 7.26 1.064 6.915 7.061 7.047 7.085 7.123 7.103 6.983 6.473 7.493 6.753 6.908
1.226 6.424 6.609 7.355 6.651 6.713 6.835 7.023 6.853 6.349 7.006 6.79 6.594 6.702 6.59 7.012 6.812 6.714 6.779 5.997 6.924 6.977 6.943 6.553 6.961 6.766 6.979 6.829 7.187 6.814 7.218 6.922 6.906 7.138 6.826 6.82 7.152 7.23 6.793 7.106 6.848 7.15 6.906 7.129 6.928 6.732 7.101 6.589 6.949 7.03 6.941 7.14 6.858 6.842 6.983 6.934 6.858 6.944 7.088 6.415 6.677 6.858 6.739 6.857 7.091 6.516 6.514 6.895 6.958 6.985 6.925 7.026 7.161 7.07 6.841 6.774 6.807 6.786 6.648 7.006 6.903 6.967 6.519 6.835 6.706 7.037 6.911 6.991 1.104 6.908 6.757 6.997 6.85 6.884 7.035 6.782 6.096 7.02 7.05 7.2
1.106 6.937 6.794 6.327 6.189 6.858 6.622 6.766 6.848 6.745 6.955 6.637 6.84 6.986 6.731 6.676 7.001 6.417 6.577 7.077 6.999 6.943 6.842 7.008 6.855 7.019 7.058 7.087 7.062 6.799 7.035 6.934 6.72 6.982 6.91 7.055 6.248 6.921 6.982 7.082 6.998 7.037 6.91 7 7.02 6.973 6.866 6.97 6.559 6.773 6.94 6.831 6.797 6.952 7.171 6.479 7.292 6.943 6.844 7.072 6.651 7.172 6.579 6.862 6.897 7.087 7.006 7.242 7.031 6.768 6.995 7.277 6.847 6.86 6.96 6.967 7.255 6.462 6.885 6.934 7.179 6.895 6.904 6.745 6.97 7.031 7.088 7.21 1.149 6.946 6.937 6.841 6.717 7.39 6.914 7.035 6.65 7.023 6.696 6.662
1.167 6.946 7.207 6.481 6.918 7.176 6.819 7.123 7.043 6.552 6.469 7 6.976 6.992 6.422 6.944 7.163 6.651 5.901 6.456 6.953 6.754 6.876 6.387 6.869 7.095 6.949 6.843 6.821 6.837 6.97 6.873 6.966 6.525 7.181 7.314 6.906 6.923 7.13 6.74 6.778 6.7 6.877 7.316 6.947 7.167 6.328 6.391 7.324 7.057 7.177 7.12 6.84 7.146 6.882 6.894 6.977 7.036 7.079 7.027 7.053 7.125 6.7 7.194 7.182 7.102 6.976 7.217 6.985 6.986 7.108 6.908 7.253 7.119 6.651 6.848 7.165 7.291 6.784 7.006 7.094 7.172 7.272 6.755 6.84 7.091 6.941 7.078 1.159 6.872 6.966 6.905 6.667 6.933 7.048 7.008 7.141 6.808 6.942 7.175
1.137 6.848 7.032 6.332 6.559 7.099 6.628 6.494 6.783 6.794 6.719 6.563 6 6.991 7.059 6.918 6.749 6.839 6.505 6.525 7.11 6.85 6.871 7.047 7.228 6.621 6.989 6.987 6.997 6.675 7.138 7.107 6.66 6.878 7.216 7.053 6.976 6.937 7.213 6.814 6.953 7.122 6.944 7.127 7.058 7.082 7.077 6.975 6.601 7.07 6.964 6.839 6.466 6.641 7.225 6.988 6.776 6.734 7.09 6.667 7.049 6.842 6.991 6.585 7.228 7.257 6.71 6.961 7.15 6.162 7.052 7.007 7.163 6.929 6.685 7.019 6.833 7.257 6.549 6.991 6.99 7.073 6.877 6.538 7.058 7.045 6.927 6.865 1.171 7.048 6.891 6.858 6.794 6.959 6.813 6.297 6.977 7.008 7.141 7.111
1.083 6.942 6.852 6.277 6.95 6.734 6.243 6.657 6.697 6.454 6.464 6.474 6.171 5.842 6.687 6.828 6.51 6.794 6.967 6.271 6.864 6.924 7.083 6.766 6.85 6.69 6.88 6.674 6.906 6.997 6.826 6.796 6.825 6.715 6.869 6.996 6.661 6.806 6.916 6.623 6.578 7.073 6.897 6.737 6.423 6.797 6.974 6.529 6.695 6.982 6.526 6.903 6.899 6.851 7.075 6.724 6.566 7.039 7.012 6.869 6.971 6.869 6.701 6.937 6.783 6.233 7.036 6.59 6.914 6.72 6.918 6.718 6.959 6.924 7.132 6.821 7.037 6.981 6.895 6.738 6.847 6.913 6.43 6.771 6.685 6.716 7.162 6.534 1.162 6.956 6.714 6.556 7.196 6.364 6.896 6.788 6.649 7.081 6.818 6.949
1.109 6.757 6.792 6.512 6.803 5.967 7.035 6.279 7.061 6.691 6.78 6.579 6.812 6.843 6.84 6.984 6.831 6.601 6.982 6.731 7.071 6.803 6.585 7.013 6.641 7.269 7.044 6.919 6.934 6.851 7.02 6.739 6.585 6.924 6.44 6.674 6.841 7.28 6.842 6.692 7.105 7.28 7.112 6.849 6.869 6.979 7.15 7.159 7.054 7.133 7.15 6.992 6.885 6.976 6.954 7.108 7.325 7.335 6.657 7.135 6.811 7.249 6.753 7.226 6.689 7.009 7.177 7.112 6.92 7.125 7.199 7.293 6.629 6.997 6.893 7.168 7.022 7.254 6.825 6.836 7.046 7.018 6.979 7.228 6.835 6.883 7.094 6.995 1.192 7.166 6.915 6.825 7.085 6.793 6.979 7.095 7.035 7.168 7.005 7.024
1.004 6.306 6.643 7.18 6.684 6.785 6.811 6.191 6.607 7.023 6.865 7.121 6.802 6.565 6.876 6.96 6.938 7.014 7.06 6.001 7.018 7.061 7.168 6.614 6.947 6.39 7.032 6.723 7.222 6.694 6.786 6.662 7.314 6.651 7.284 7.128 6.61 7.103 7.19 7.067 7.028 6.824 6.689 6.936 7.35 7.168 6.84 6.96 6.734 7.344 7.001 7.181 7.113 6.924 6.708 6.924 7.079 6.874 7.111 6.692 6.866 7.16 6.301 7.028 7.282 7.092 7.101 7.142 6.923 7.443 7.152 7.173 7.091 6.953 7.045 6.608 6.743 7.3 6.847 6.97 7.062 7.268 7.29 7.063 6.829 7.111 7.008 7.026 1.302 7.063 6.875 7.05 7.095 7.174 6.979 6.657 6.966 6.607 7.029 7.048
1.148 6.744 6.646 6.683 6.808 6.503 6.876 6.639 6.889 6.756 6.306 6.813 6.746 6.806 6.673 6.668 6.579 6.796 6.485 6.371 7.002 7.1 6.82 6.676 6.791 6.968 7.11 6.65 6.759 6.951 7.219 6.892 6.895 7.052 6.825 6.767 7.172 7.312 7.031 6.971 6.963 7.247 6.751 6.797 7.08 6.481 6.538 6.64 6.849 7.019 7.342 7.145 6.837 7.015 7.029 7.058 6.921 6.702 6.779 6.857 6.992 6.833 6.913 6.833 6.694 6.877 7.117 7.014 7.157 6.63 7.098 7.057 7.022 6.726 6.999 6.756 6.941 6.962 6.504 6.989 6.952 7.079 7.089 6.977 6.716 7.115 6.964 6.412 1.194 7.073 7.052 7.319 7.012 7.043 6.909 6.653 7.035 6.609 6.8 7.052
1.153 6.571 7.162 7.09 6.772 6.662 6.958 6.746 7.033 6.685 6.819 6.395 6.292 6.705 6.8 6.818 6.189 6.217 6.536 6.42 7.066 7.06 6.937 7.141 7.074 7.017 6.84 6.654 6.433 6.772 6.822 6.625 6.705 6.824 7.19 7.004 6.658 6.652 7.018 7.156 7.152 6.951 7.017 6.645 7.044 7.014 7.005 7.101 7.137 6.791 7.235 6.899 6.65 7.044 6.88 6.811 6.438 7.167 7.142 6.369 6.746 6.678 6.984 6.527 7.067 6.576 6.842 6.527 6.771 6.847 6.913 6.896 6.938 6.784 7.116 6.815 6.997 6.778 6.699 6.474 6.683 6.82 7.061 6.947 6.996 6.89 6.556 6.76 1.162 6.774 6.833 6.968 6.879 6.744 7.067 6.635 6.763 6.994 6.778 6.749
1.2 7.084 6.961 6.575 6.724 7.052 7.006 6.596 6.826 6.869 7.085 6.896 6.437 7.06 6.96 6.296 6.154 7.033 6.379 6.722 6.589 6.527 6.858 7.144 6.632 6.825 7.185 6.821 6.846 7.325 6.863 7.043 6.512 6.903 6.841 6.877 6.851 7.013 6.739 6.944 6.957 6.658 7.097 6.925 6.794 7.186 6.826 7.114 7.186 7.221 7.038 6.48 6.415 6.623 6.942 6.637 6.887 7.227 6.913 6.846 6.956 7.245 7.002 6.515 6.921 6.917 6.675 7.063 6.74 6.966 6.658 7.034 6.644 6.887 7.208 6.988 6.943 6.515 7.033 6.867 7.013 7.017 7.219 6.599 6.808 6.399 6.55 7.325 1.066 7.087 6.916 6.861 6.681 6.969 6.733 6.897 6.803 7 6.813 6.837
0.991 6.801 6.467 7.026 6.681 6.641 7.11 6.57 6.768 6.401 6.934 7.024 6.768 6.42 7.124 6.966 6.46 7.042 6.633 6.716 6.972 6.448 6.853 7.008 7.066 6.658 6.884 6.821 6.72 6.697 6.693 7.04 7.089 7.101 6.931 6.891 6.746 6.826 7.073 6.975 7.116 7.215 6.78 7.262 7.303 6.736 6.855 7.206 6.897 6.473 7.18 7.085 6.887 7.083 6.622 6.941 6.896 6.87 6.829 6.727 6.97 7.127 6.906 6.875 6.936 6.694 6.976 7.187 7.074 6.788 7.009 6.591 6.869 6.918 6.748 6.983 6.937 6.908 6.797 6.831 6.854 6.911 7.131 7.01 6.785 6.691 6.912 7.136 1.315 6.851 6.886 6.932 6.357 6.973 6.685 6.893 7.133 7.011 6.967 6.81
1.033 6.938 6.85 6.735 6.558 6.611 6.623 6.604 6.967 7.014 6.572 6.502 7.066 6.727 6.651 7.019 6.716 6.706 4.884 7.079 6.397 6.76 6.802 6.928 6.701 6.851 7.067 7.141 6.95 6.828 6.762 6.934 6.739 7.08 6.804 6.759 7.079 6.701 6.961 6.823 6.971 6.971 6.92 6.609 6.938 7.056 6.797 6.851 6.685 6.9 6.839 7.154 6.895 6.567 6.948 6.964 6.798 6.747 6.931 6.794 7.138 6.977 6.952 7.116 6.304 6.531 6.866 7.074 7.233 6.921 6.466 7.128 6.661 7.01 6.889 7.028 6.788 6.546 6.793 6.881 6.919 6.951 6.835 6.953 6.801 6.292 7.154 6.814 1.269 6.758 6.967 6.967 7.17 6.549 6.96 6.875 7.004 6.715 7.21 6.662
1.182 6.912 7.047 6.278 7.038 6.678 6.844 6.64 6.195 6.989 6.592 6.829 5.817 6.727 6.72 6.484 6.953 6.814 6.69 6.438 6.636 6.72 6.521 6.821 6.91 7.163 7.026 6.908 6.998 7.001 6.71 7.406 7.121 6.583 6.748 6.866 6.827 6.939 7.151 6.864 7.018 6.741 6.793 7.217 6.957 6.444 6.821 7.059 6.84 7.039 6.902 6.876 6.742 7.038 6.886 6.751 6.7 7.084 6.657 6.956 7.083 6.866 6.907 6.956 6.836 6.965 6.866 7.076 6.882 6.771 6.876 6.87 6.71 6.755 6.285 7.045 7.102 6.882 6.801 6.848 6.564 6.969 6.84 6.85 6.763 6.884 6.834 7.07 1.056 6.633 7.061 7.187 6.837 6.966 6.827 6.952 7.005 6.975 6.956 7.014
1.208 6.762 7.105 6.955 6.79 7.14 6.28 7.057 6.624 7.075 6.98 6.532 6.824 6.945 6.32 6.932 6.118 6.665 6.904 6.7 6.768 6.641 6.762 6.796 6.827 6.773 6.702 6.738 7.152 7.097 6.397 6.649 6.837 7.265 7.029 7.115 7.145 7.255 7.027 6.709 6.834 6.985 6.798 7.024 6.732 7.18 7.045 6.731 6.705 7.064 6.564 7.027 6.981 6.903 6.412 6.909 6.913 6.793 6.63 7.089 7.028 6.799 7.166 6.909 6.851 6.818 6.936 7.037 6.731 6.886 6.562 6.821 7.117 6.755 6.886 6.193 6.982 7.27 6.899 6.938 6.865 6.849 6.868 7.005 6.983 6.804 6.976 6.989 1.064 7.005 6.547 6.805 6.999 6.985 6.754 7.072 6.692 6.957 7.041 6.769
1.095 6.836 6.821 6.97 6.821 7.213 6.838 6.171 6.475 7.057 6.636 7.067 6.288 6.472 6.448 6.895 6.565 6.843 6.964 6.698 6.951 6.95 7.227 6.858 7.142 6.731 6.733 7.072 7.302 7.356 7.054 6.812 6.827 6.912 6.977 6.704 6.873 6.862 7.103 6.915 7.086 6.6 6.83 7.115 7.201 7.079 6.747 6.595 6.811 6.757 7.059 7.165 7.206 6.863 6.814 6.654 6.961 6.823 6.481 7.048 6.83 6.747 6.782 6.762 7.225 6.978 6.733 6.866 6.849 6.95 6.979 6.69 7.055 6.877 7.154 7.148 6.888 7.217 7.048 6.995 6.927 7.136 6.794 6.889 6.959 6.936 7.116 6.956 1.164 6.941 6.796 6.954 7.148 6.457 7.095 7.074 6.98 7.266 6.976 6.554
1.184 7.022 6.562 6.978 6.149 6.817 6.351 6.448 6.752 6.811 7.083 6.211 6.854 6.45 6.567 6.909 6.98 7.078 6.562 6.164 6.85 6.617 6.946 6.738 6.991 6.803 6.692 6.766 6.946 6.765 6.887 6.939 6.993 6.769 6.634 6.996 6.854 6.934 7.205 7.02 6.785 6.954 7.156 6.945 6.989 6.592 6.803 6.678 7.179 6.794 7.027 6.881 6.91 6.886 6.814 6.837 7.124 7.117 7.037 6.981 6.788 6.925 6.774 6.58 7.014 6.684 6.841 6.542 7.003 7.092 6.922 7.003 6.538 7.031 6.674 7.107 6.666 6.551 7.067 6.414 6.828 6.693 7.064 7.065 6.7 6.752 6.671 7.099 1.081 6.863 6.756 6.614 7.095 7.076 6.909 6.598 7.216 6.745 7.013 6.657
1.011 6.606 6.745 6.236 7.149 6.849 6.89 6.428 6.229 7.065 6.872 6.691 6.766 6.921 7.073 6.758 6.948 7.04 7.116 6.896 6.913 7.23 6.989 6.946 7.218 6.891 7.089 6.582 6.587 6.888 7.077 7.218 7.061 6.896 7.194 6.986 7.172 7.082 7.07 7.301 7.066 7.044 7.287 6.924 6.809 6.968 7.233 6.846 6.706 6.957 7.187 6.838 6.74 7.149 7.088 6.859 6.977 7.195 7.104 7.001 6.883 7.123 7.329 6.444 6.742 6.744 7.046 6.876 7.086 7.183 6.86 6.519 7.075 6.971 7.094 7.075 7.192 7.198 6.98 7.089 6.942 7.085 6.921 6.971 6.737 7.102 6.871 7.237 1.351 7.215 7.08 7.258 6.879 6.741 7.077 7.053 7.041 7.067 6.477 6.786
1.038 6.937 6.872 6.669 7.047 6.69 7.032 6.61 7.003 6.782 6.592 6.517 6.226 6.748 6.69 7.066 6.187 6.994 6.883 7.028 6.915 6.7 7.247 6.964 6.44 6.82 7.04 6.993 6.678 6.79 6.534 6.888 6.809 6.609 6.886 6.871 6.819 6.507 7.003 6.817 6.921 6.722 6.618 7.097 6.318 6.847 6.807 6.836 6.91 6.947 7.023 7.061 7.101 7.021 6.496 6.217 7.02 6.412 7.035 6.795 6.945 6.582 6.896 6.728 7.088 7.087 6.766 6.904 7.027 7.052 6.933 6.843 6.637 6.956 6.795 6.893 7.088 6.907 6.956 7.107 6.781 7.113 6.934 7.018 6.853 6.855 7.02 6.885 1.258 6.912 6.934 7.008 6.734 6.827 6.529 6.891 6.877 6.6 6.687 6.595
