V2 V3 V4 V5 V6 V7 V8 V9 V10 V11 V12 V13 V14 V15 V16 V17 V18 V19 V20 V21 V22 V23 V24 V25 V26 V27 V28 V29 V30 V31 V32 V33 V34 V35 V36 V37 V38 V39 V40 V41 V42 V43 V44 V45 V46 V47 V48 V49 V50 V51 V52 V53 V54 V55 V56 V57 V58 V59 V60 V61 V62 V63 V64 V65 V66 V67 V68 V69 V70 V71 V72 V73 V74 V75 V76 V77 V78 V79 V80 V81 V82 V83 V84 V85 V86 V87 V88 V89 V90 V91 V92 V93 V94 V95 V96 V97 V98 V99 V100 V101
1.42 7.093 6.361 6.807 6.26 5.745 6.908 7.059 6.877 6.814 6.809 6.721 6.835 6.737 6.64 7.138 6.534 7.14 7.004 6.388 6.931 7.189 7.14 6.838 7.045 6.5 6.711 6.673 6.981 6.942 6.861 6.822 6.871 6.982 7.111 7.007 6.792 7.117 6.833 6.443 6.571 7.027 6.704 6.687 7.251 6.697 6.939 7.236 7.118 6.682 6.763 6.829 6.957 7.06 6.564 7.26 7.22 6.92 6.965 6.889 6.725 7.102 7.094 6.865 6.987 7.001 7.013 6.985 7.049 6.988 7.282 6.991 6.953 6.992 7.105 6.746 7.061 7.041 7.095 7.178 6.891 7.141 7.066 6.941 7.323 7.018 7.006 7.338 1.645 6.895 6.879 7.245 7.054 6.919 6.568 7.282 7.073 7 7.125 6.688
1.455 6.946 6.343 6.668 5.978 6.899 6.878 7.006 6.574 6.514 6.166 6.688 6.391 6.312 6.317 6.721 7.248 6.062 6.843 6.565 6.926 7.158 7.218 7.018 6.637 7.199 6.882 7.111 7.017 6.436 7.066 6.805 7.009 6.776 6.927 6.622 6.962 6.66 6.69 6.845 7.029 7.159 7.246 6.529 6.796 6.995 6.403 6.906 7.007 6.734 6.995 7.03 6.431 6.686 6.983 6.535 6.63 6.287 6.647 6.67 7.005 6.721 6.691 6.646 6.856 6.97 7.08 7.027 6.935 6.805 6.639 7.038 7.11 7.186 6.854 7.152 6.565 7.132 7.121 6.586 6.941 7.321 6.869 7.176 6.767 6.97 6.461 6.854 1.603 7.025 6.795 7.017 7.01 6.874 6.58 6.981 7.011 6.977 7.065 6.837
1.51 6.688 6.432 6.683 6.659 6.905 6.686 6.716 6.764 6.88 6.745 6.927 5.935 6.554 5.783 6.829 6.841 6.753 6.844 6.319 6.401 6.847 6.639 6.85 6.942 6.36 6.752 6.878 6.848 6.935 7.075 6.886 7.161 6.579 6.757 7.176 7.269 6.762 6.789 6.931 7.06 6.616 6.857 7.056 6.695 6.902 6.947 6.636 7.128 6.702 6.94 7.147 6.737 6.799 6.925 7.049 6.612 6.629 7.18 6.418 6.826 6.738 6.759 7.329 6.875 6.94 6.772 6.396 6.517 6.356 6.587 6.909 6.836 6.58 6.917 6.705 7.175 6.582 6.854 7.083 6.833 6.819 6.817 6.816 7.099 6.974 6.948 6.994 1.539 6.411 7.09 6.793 6.953 6.909 7.024 6.833 6.828 6.834 7.106 6.276
1.593 6.913 6.724 7.054 6.348 6.86 6.965 7.137 6.293 6.407 6.605 6.322 6.763 6.693 6.391 6.485 5.804 6.366 6.568 6.777 6.76 6.73 6.87 7.022 6.752 6.952 6.552 6.843 6.892 6.978 6.901 6.732 6.856 6.949 6.78 6.934 6.728 6.922 6.662 6.865 6.97 6.655 6.645 6.36 7.013 6.892 6.637 6.769 6.653 6.846 6.486 6.646 6.598 6.905 6.653 6.875 6.879 6.69 6.821 7.113 6.569 6.676 6.713 6.904 6.9 6.973 6.864 6.756 7.128 6.818 6.693 6.752 6.94 7.05 6.884 6.908 6.99 6.47 6.792 6.532 7.258 6.905 6.384 6.572 6.741 6.687 6.444 6.53 1.344 6.597 6.655 6.624 6.547 6.921 6.995 7.114 6.703 6.536 6.63 6.956
1.586 6.829 5.88 6.95 6.819 7.005 6.919 6.784 6.992 5.923 6.831 6.691 6.934 7.094 7.075 6.543 6.927 7.091 6.92 6.433 7.315 6.809 6.879 6.858 6.729 7.001 7.075 6.419 6.968 7.005 7.042 7.015 6.832 6.903 7.107 7.14 7.147 7.227 7.225 7.205 6.74 7.179 6.879 6.676 6.889 7.06 7.103 6.316 6.842 6.884 6.923 7.205 7.106 6.582 6.346 6.685 6.621 6.823 6.706 7.007 6.902 6.695 6.874 7.119 7.005 6.621 6.878 6.952 7.129 7.063 6.845 6.733 7.085 7.183 6.868 6.766 7.046 7.101 7.295 7.313 7.13 6.948 7.273 6.794 6.833 6.899 7.223 7.217 1.352 6.46 7.157 7.051 7.195 6.869 6.593 6.711 6.881 7.084 6.785 6.994
1.51 6.203 6.762 6.582 7 6.781 6.776 6.924 6.48 6.921 6.894 6.978 6.714 7.095 6.886 6.844 6.871 7.005 6.172 6.779 7.064 6.712 6.868 6.778 6.603 6.74 7.142 6.922 7.162 6.637 6.383 6.65 6.846 6.894 7.028 7.026 6.576 6.834 6.39 6.874 6.748 7.118 7 6.832 6.565 7.086 6.988 6.91 6.758 6.877 6.796 7.353 6.866 7.031 6.481 6.714 6.746 6.847 6.991 7.109 6.507 6.438 7.243 6.987 6.695 6.844 6.875 7.231 7.144 7.277 6.949 6.418 7.01 6.668 6.856 6.928 7.006 6.81 6.785 6.707 6.753 7.046 6.872 6.671 6.995 6.749 6.942 6.829 1.528 6.621 7.057 6.994 7.017 6.646 6.836 7.144 6.645 6.962 6.944 6.699
1.618 6.893 6.778 6.298 7.257 6.476 7.032 7.147 6.491 6.926 6.959 6.603 6.785 6.603 6.522 6.899 6.467 6.931 6.667 5.976 7.167 6.777 7.165 6.913 6.922 6.572 6.939 6.873 6.931 6.952 7.14 6.999 6.371 6.787 6.852 6.792 6.747 6.925 6.911 6.915 6.868 7.038 6.986 7.149 7.088 7.101 6.212 6.689 6.844 7.307 6.802 6.47 6.737 6.642 7.017 6.74 7.093 7.08 7.22 6.993 7.063 6.806 6.669 6.706 6.63 7.085 7.023 6.69 6.557 6.719 6.958 6.759 6.609 6.86 7.378 6.897 6.787 7.204 6.886 7.083 7.122 7.162 7.062 6.906 7.152 6.891 6.728 6.906 1.459 6.829 6.946 7.255 6.806 6.499 7.155 6.509 6.999 6.682 6.775 6.934
1.512 6.611 6.928 6.841 6.773 6.745 6.621 5.962 6.322 6.746 6.844 6.729 6.792 6.371 6.436 6.515 6.8 6.891 6.01 5.888 6.785 6.549 6.699 6.926 6.811 6.58 6.785 6.745 6.944 6.633 6.81 7.006 6.699 6.991 6.974 6.672 6.462 7.161 6.671 6.979 6.705 7.039 6.786 6.791 6.428 6.842 6.815 6.704 6.783 6.776 6.148 6.975 6.897 6.373 6.46 6.976 6.882 6.979 6.583 6.852 6.862 6.393 6.81 6.707 6.768 6.996 6.641 6.945 6.288 7.062 6.665 6.877 6.72 6.62 6.622 6.767 6.519 6.574 6.928 6.941 6.953 6.802 6.678 6.64 6.631 6.69 6.85 6.694 1.526 6.877 6.704 6.504 6.698 6.792 6.852 6.6 6.886 6.847 6.465 6.79
1.458 7.224 6.618 6.781 7.142 6.819 6.455 6.85 6.919 6.594 7.045 6.954 6.63 6.726 6.323 7.162 7.023 6.97 6.918 7.04 7.083 7.034 6.316 6.924 6.992 6.898 7.196 6.703 6.958 6.548 7.061 6.92 6.626 7.161 7.097 7.095 6.761 6.609 6.837 6.747 6.959 6.635 6.617 7.007 7.127 6.617 7.003 7.042 6.614 6.685 6.635 7.226 6.94 7.012 6.832 6.993 7.128 6.989 6.942 7.102 6.706 6.66 7.052 6.455 6.94 6.926 6.684 7.237 6.696 6.733 6.635 6.784 7.096 6.609 7.007 6.708 6.689 6.814 6.952 6.678 7.115 6.856 7.033 6.898 6.835 7.05 6.564 7.238 1.491 6.832 7.083 6.882 7.004 6.984 7.364 6.615 6.436 6.805 7.098 6.911
1.534 6.594 6.817 6.952 6.505 7.013 6.022 7.093 6.965 6.319 6.822 6.962 6.827 6.979 6.808 7.063 7.125 6.33 6.536 6.615 6.959 6.94 6.575 6.98 7.048 7.441 6.77 7.346 6.763 7.143 6.755 6.76 6.798 6.911 6.668 6.968 6.537 6.87 7.085 6.937 7.17 6.257 7.066 6.98 6.774 6.888 6.941 7.074 6.922 7.195 6.87 6.718 6.518 6.866 7.102 6.769 6.982 7.066 6.579 7.217 6.969 6.952 6.789 6.811 6.789 6.976 7.198 6.956 7.106 7.157 7.001 6.449 6.687 6.701 6.703 6.64 6.75 7.082 6.878 6.568 7.163 7.009 6.957 6.842 6.726 6.874 6.941 6.715 1.51 6.649 6.46 6.998 7.009 7.239 7.24 6.971 6.748 7.069 6.934 6.592
1.415 6.955 6.716 6.464 6.476 6.891 6.685 6.732 6.875 6.966 6.042 6.646 6.985 7.003 7.091 7.045 6.235 6.347 6.949 6.624 7.007 6.884 6.967 6.914 7.277 7.114 7.013 6.476 6.735 7.111 6.817 6.846 6.999 6.926 6.911 7.001 6.776 7.182 6.784 7.097 6.706 6.721 6.841 6.915 6.779 6.944 7.089 7.298 7.039 6.957 7.038 6.851 6.932 6.882 6 6.865 6.975 6.929 6.804 6.915 6.953 6.916 7.086 7.04 6.91 6.945 7.198 7.149 6.64 7.129 7.08 7.166 7.139 6.962 7.227 7.113 6.871 6.949 7.339 6.544 6.774 6.832 7.21 7.108 7.166 6.358 7.219 6.612 1.604 7.089 7.061 6.926 7.372 6.986 6.613 6.597 7.173 6.72 6.844 7.023
1.524 5.68 6.394 6.951 6.836 6.237 6.506 6.984 6.23 6.691 6.583 7.038 6.51 6.172 6.445 6.668 6.708 6.887 6.907 6.789 6.989 7.12 6.974 6.637 7.119 7.142 6.509 6.804 6.693 7.068 6.94 6.835 6.837 7.191 6.638 6.636 6.817 6.467 6.689 6.886 6.442 6.955 6.986 6.746 7.093 6.773 7.169 6.767 6.787 6.822 7.004 7.063 6.987 6.922 7.029 7.301 6.656 6.922 6.889 6.707 6.609 7.006 6.455 7.133 6.986 6.665 6.922 6.912 6.914 7.002 6.727 7.043 6.882 6.909 6.532 6.74 6.79 7.236 6.408 7.079 6.892 6.462 7.086 6.778 6.586 7.069 6.851 6.932 1.542 7.25 7.11 6.998 7.17 7.339 7.091 6.961 6.718 6.857 6.903 6.948
1.429 7.036 7.015 7.357 6.827 7.067 7.148 6.829 7.18 6.369 6.746 7.253 7.286 6.248 6.978 7.057 7.067 6.447 6.967 6.322 7.09 6.824 7.002 6.858 7.219 7.335 7.041 6.899 7.009 6.93 7.133 6.796 6.936 5.94 7.067 6.85 7.014 6.707 6.965 6.709 6.944 6.916 7.298 6.71 6.349 7.187 6.957 6.697 6.974 7.037 6.488 6.982 6.975 6.951 6.433 6.748 6.343 6.914 7.146 7.067 7.212 7.169 6.655 6.996 6.86 6.968 7.256 7.153 6.525 6.977 6.776 6.398 7.14 6.931 6.81 6.889 7.316 7.298 6.969 6.627 6.676 7.017 6.972 7.067 7.05 7.006 7.022 7.239 1.537 6.841 6.637 6.659 6.969 6.938 7.11 6.893 6.974 6.814 7.185 6.82
1.562 6.882 7.133 6.762 6.395 7.074 7.058 6.93 7.152 6.441 6.393 6.655 6.882 6.732 6.985 6.462 6.977 6.781 6.704 6.941 7.011 7.121 6.88 7.015 6.878 6.783 7.27 6.991 7.041 6.997 6.788 6.88 6.821 7.169 7.051 6.914 6.934 7.049 7.013 7.205 6.899 6.955 7.021 7.139 6.615 6.838 6.951 6.977 6.705 7.16 7.009 7.221 7.02 6.964 6.879 6.971 6.735 6.938 7.008 6.945 6.814 6.623 7.174 6.714 6.97 6.775 7.119 7.184 6.626 7.371 7.156 7.046 7.045 6.911 7.253 6.959 6.184 7.141 7.209 7.337 6.299 6.446 6.684 6.981 6.989 7.12 6.817 6.966 1.522 6.396 7.046 7.216 6.757 7.023 6.793 7.095 6.925 7.12 6.821 6.692
1.451 6.95 6.874 6.661 7.009 6.631 6.771 6.826 6.893 6.674 6.866 6.686 6.212 6.135 6.87 7.018 6.392 6.144 6.536 6.765 7.013 6.84 6.939 7.123 6.277 6.473 6.71 6.678 6.758 6.92 6.658 6.892 6.971 6.997 7.014 6.802 7.009 6.844 6.878 6.778 6.123 6.945 6.569 6.915 6.634 6.717 6.975 7.075 6.936 6.799 6.9 6.989 7.073 6.831 6.857 6.958 6.858 6.74 7.032 6.672 7.126 6.865 6.981 6.783 6.721 6.936 6.924 6.762 6.679 6.792 6.854 6.889 6.742 7.08 6.701 7.053 6.716 6.559 6.918 7.009 6.393 7.085 7.065 6.449 6.577 7.139 6.639 7.031 1.489 6.967 6.844 6.683 6.898 6.873 6.453 6.705 6.641 6.893 6.961 6.833
1.592 6.872 6.38 7.058 7.031 6.86 6.907 6.718 6.901 6.632 6.854 6.732 6.37 6.679 6.422 6.913 7.118 6.919 6.382 6.729 6.738 6.763 6.941 6.665 7.239 7.164 6.914 7.116 6.816 6.509 6.773 6.598 6.603 6.701 7.219 7.044 7.044 7.125 7.19 6.742 6.923 6.817 6.723 6.758 6.784 6.917 7.014 6.749 6.947 7.183 6.705 6.996 7.071 7.168 6.964 7.007 7.237 6.136 7.07 6.638 6.784 7.155 6.879 6.78 6.994 6.734 6.854 7.126 6.641 6.79 7.215 7.045 6.82 6.887 6.346 6.908 6.925 6.817 6.9 7.078 6.977 6.584 6.788 6.58 7.289 6.967 6.894 6.867 1.446 7.017 7.114 6.826 7.17 6.928 6.868 7.135 6.954 6.739 6.861 6.751
1.477 6.794 6.567 6.875 6.883 7.008 6.907 6.702 6.931 6.65 5.729 6.567 6.508 5.823 6.82 6.318 6.85 6.198 6.752 6.746 7.046 6.97 7.065 6.47 6.751 6.421 6.647 6.122 6.968 6.727 6.611 6.417 6.802 6.952 6.812 6.727 6.658 7.006 7.157 6.958 6.737 6.61 7.181 7.018 7.026 6.851 6.887 6.946 6.768 6.83 6.995 6.911 7.044 7.135 6.788 6.736 7.137 6.813 6.827 6.87 6.633 6.738 6.993 6.848 6.48 6.573 6.998 6.771 6.651 6.789 6.424 6.629 6.699 6.653 6.907 6.786 6.849 7.075 6.751 6.58 7.101 6.678 6.515 7.071 7.227 7.068 6.652 6.705 1.451 7.224 6.934 6.785 6.885 6.69 6.713 6.939 6.631 6.883 6.78 6.862
1.516 7.005 6.984 6.752 6.281 6.98 6.915 6.346 6.833 7.048 7.008 6.731 6.647 6.739 6.716 6.802 6.525 7.019 6.635 5.958 6.641 7.025 6.552 7.1 6.909 7.185 7.158 6.287 7.161 6.914 7.103 6.666 7.17 6.75 6.867 6.933 7.225 6.73 7.005 7.14 6.816 6.65 6.896 6.673 7.017 6.696 7.206 7.054 7.031 7.051 6.613 6.517 7.136 7.027 6.681 6.543 7.276 7.113 6.838 7.025 6.756 7.01 6.585 7.211 7.141 6.869 6.915 6.984 7.316 6.993 6.222 7.035 7.006 6.871 6.57 7.154 7.054 6.957 7.179 6.766 6.655 7.076 6.474 7.239 7.304 7.029 6.822 6.71 1.522 6.822 6.779 7.197 6.68 6.912 7.099 7.07 6.444 6.531 6.668 6.997
1.506 6.483 7.103 6.645 6.344 7.023 6.625 6.915 6.702 6.954 6.766 6.881 5.772 6.899 7.005 7.183 6.745 6.147 6.845 6.402 6.502 6.834 6.578 6.729 6.942 7.083 7 7.192 6.603 7.001 6.861 6.971 6.819 6.608 6.709 6.829 6.975 6.974 7.034 7.03 6.637 6.75 7.063 6.88 6.943 7.121 7.098 6.953 6.774 6.898 6.98 7.163 7.065 6.973 6.852 7.451 6.623 6.955 6.842 6.527 6.705 6.876 7.054 6.898 6.676 6.684 6.918 7.143 6.799 7.074 6.244 6.957 7.103 6.675 7.187 7.029 6.745 6.755 7.17 6.907 6.818 6.968 6.767 6.782 6.843 6.834 6.733 6.735 1.435 6.487 6.919 6.84 7.197 6.658 6.954 6.991 6.746 6.806 6.477 7.046
1.511 6.308 6.793 6.885 6.731 6.6 6.501 6.213 6.553 6.484 7.006 6.266 6.54 6.689 6.671 6.376 6.693 6.7 6.58 5.674 7.051 6.932 6.721 6.769 6.793 6.914 6.805 6.743 6.709 7.235 6.793 6.908 7.027 6.247 6.517 6.775 6.958 7.033 6.746 6.914 6.986 6.954 6.797 6.843 6.883 6.673 6.783 6.852 6.961 6.626 6.985 6.666 7.065 7.002 6.68 6.808 6.845 6.694 6.772 6.704 6.759 7.082 6.746 6.753 6.822 7.034 6.285 6.645 6.477 7.04 6.552 7.069 6.827 6.795 6.682 6.822 6.798 6.907 6.797 6.804 6.646 7.175 6.999 6.834 6.855 6.667 6.88 7.061 1.576 6.868 7.036 6.918 6.643 6.83 6.932 6.692 6.98 6.024 6.714 6.873
1.284 6.819 6.512 6.705 6.922 6.698 6.776 6.657 6.639 6.805 6.744 6.605 6.853 6.89 7.204 6.918 6.167 7.041 6.141 6.829 6.945 6.932 7.138 6.502 7.116 6.787 7.091 6.875 6.893 6.943 6.631 7.018 6.928 7.099 6.739 6.999 6.63 7.063 6.831 6.906 6.866 6.878 6.248 6.751 6.856 7.12 6.893 7.19 7.014 6.677 7.069 6.847 6.807 6.863 6.884 6.992 7.036 6.449 6.725 7.19 7.037 6.922 6.989 6.887 6.902 6.892 6.888 7.183 6.826 6.806 6.697 7.151 6.843 6.734 6.682 6.864 6.844 6.863 6.919 7.207 6.623 6.888 6.699 6.941 7.081 6.928 7.154 6.656 1.706 6.754 5.98 6.318 6.983 6.857 6.963 6.76 6.738 6.885 7.114 6.735
1.359 6.416 7.04 5.344 6.68 6.78 6.42 6.944 6.845 6.935 6.767 6.493 7.038 7.173 6.484 6.653 5.551 7.016 6.994 6.963 6.725 6.956 7.147 6.645 6.439 6.557 7.18 7.205 7.07 6.977 6.903 7.227 6.871 6.885 6.616 7.099 7.037 7.041 6.669 6.669 6.985 6.85 6.652 7.167 6.951 7.292 6.874 6.678 6.661 6.923 6.987 6.879 6.394 7.005 6.994 6.58 6.704 6.836 7.09 6.97 6.807 6.893 6.777 6.84 7.015 7.187 6.723 6.741 6.806 6.89 6.985 7.411 6.649 6.861 7.013 6.193 7.105 7.044 6.663 7.145 6.886 6.918 6.818 6.913 7.004 6.79 7.138 6.633 1.584 7.166 6.778 6.935 7.039 6.917 6.941 7.164 6.808 7.309 7.045 6.805
1.439 6.764 6.865 6.491 5.704 6.54 6.734 6.659 6.988 6.452 6.959 6.642 7.062 6.792 6.766 6.951 6.94 6.94 5.106 6.956 6.805 7.245 7.273 6.646 7.162 6.736 6.874 7.209 6.967 6.78 6.969 6.964 6.781 6.972 6.816 7.193 6.957 6.893 7.205 7.095 6.503 7.16 6.861 6.773 6.76 6.894 6.964 7.063 6.767 6.332 6.831 7.171 6.873 7.134 6.883 7.006 6.754 7.052 7.079 6.828 6.635 6.986 6.913 6.953 6.528 6.812 6.552 6.62 7.037 6.664 7.066 6.894 6.81 6.914 6.885 6.575 7.02 6.766 6.583 6.277 6.465 6.75 6.815 6.865 6.986 6.803 7.166 6.919 1.654 7.025 6.724 7.08 7.001 6.666 6.969 7.116 7.178 7.139 6.536 7.141
1.527 6.764 6.538 6.262 6.141 6.573 6.134 6.411 6.237 6.837 6.763 6.674 6.814 6.921 5.918 6.521 6.608 6.556 6.841 6.496 6.847 6.854 6.879 6.887 6.797 7.088 7.067 6.919 6.971 6.927 6.733 7.013 6.915 6.907 6.729 6.884 6.668 6.775 7.122 6.956 6.887 7.103 6.979 6.802 7.182 6.824 6.668 7.16 6.906 7.205 6.789 6.642 6.872 6.733 6.644 6.835 6.883 6.667 7.027 6.865 6.979 6.785 6.587 6.372 6.716 6.976 6.765 6.572 6.964 6.763 6.772 7.029 6.808 6.927 6.835 6.987 6.945 6.773 6.964 6.425 6.794 7.014 6.785 6.674 7 6.812 6.626 6.783 1.487 6.537 6.452 6.675 6.882 6.982 7.174 6.647 6.726 7.022 6.794 6.659
1.53 6.776 6.184 6.859 6.932 6.997 6.911 6.379 7.006 6.803 6.787 6.674 6.71 6.837 6.791 6.809 7.155 6.841 7.045 7.105 6.759 7.117 7.135 6.899 7.215 7.086 7.374 7.083 6.764 7.222 7.115 6.469 6.997 7.065 6.807 6.688 7.135 7.038 7.235 7.189 7.345 6.968 7.104 7.23 7.278 7.174 7.026 6.878 7.299 6.939 7.07 7.158 6.892 6.75 7.04 7.229 6.922 6.839 6.951 7.311 6.795 7.356 6.547 6.707 6.882 7.004 7.024 6.931 7.122 7.295 7.023 6.751 7.308 6.955 7.169 6.68 6.89 7.081 6.821 6.646 7.111 7.187 7.075 6.837 6.947 6.93 6.859 7.158 1.544 6.882 7.215 6.897 6.746 6.303 7.186 6.849 6.935 6.668 6.844 7.133
1.434 5.981 6.756 6.86 6.608 6.325 6.453 6.231 6.587 6.613 6.663 6.533 6.028 6.766 6.846 6.891 6.89 6.744 6.98 6.752 5.678 7.052 6.809 7.017 6.792 6.596 6.739 6.622 6.986 6.889 6.813 6.693 6.901 6.777 6.805 6.897 7.011 7.119 6.946 6.937 6.87 6.937 6.491 6.631 6.833 6.824 6.584 7.254 6.997 6.71 6.889 6.743 6.35 6.655 6.931 6.84 6.148 7.008 7.098 6.823 6.883 6.918 6.813 6.838 6.742 7.124 6.92 6.794 6.768 6.454 7.051 7.069 6.687 6.727 6.962 6.983 6.685 6.946 7.036 6.676 6.429 6.902 6.704 6.507 6.806 6.829 6.427 7.045 1.52 7.113 6.642 6.866 6.838 7.381 6.741 6.811 6.702 6.491 6.882 6.966
1.521 7.048 6.847 6.779 6.502 6.52 6.747 6.524 6.387 6.742 6.887 6.747 5.68 6.064 7.153 6.808 6.753 6.739 6.542 7.013 6.368 6.673 7.044 6.836 6.722 6.171 7.082 7.07 6.482 6.722 6.797 6.973 6.778 6.754 6.545 6.862 6.854 6.869 7.052 6.359 6.814 7.196 6.879 6.889 6.859 7.215 6.995 6.984 7.221 6.844 6.353 6.629 6.589 6.93 7.069 6.929 6.855 6.874 6.898 7.046 7.157 6.962 6.613 6.638 6.842 6.891 6.893 6.512 6.987 6.653 6.714 6.709 6.852 6.635 6.745 7.179 7.133 6.848 6.989 6.963 7.218 6.737 6.878 6.806 6.788 5.796 6.828 6.999 1.415 7.188 7.001 6.731 6.643 6.953 6.745 6.836 6.708 6.755 6.971 7.034
1.423 7.105 6.996 6.966 6.825 6.506 7.255 6.668 6.802 6.802 6.203 7.062 6.555 7.072 7.101 6.488 6.672 6.71 7.111 6.332 6.894 7.094 6.807 6.994 6.989 6.946 6.968 6.818 7.189 6.675 6.893 7.176 6.85 6.93 7.111 6.652 7.15 6.67 7.054 6.563 7.14 6.898 7.173 6.839 6.607 6.856 6.87 6.098 6.978 7.114 7.135 6.955 6.545 6.709 6.988 7.011 6.453 6.903 7.203 6.97 6.948 6.398 6.548 7.057 6.96 7.028 7.062 6.819 6.792 6.868 6.556 7.134 7.094 6.894 6.477 6.969 7.053 6.945 6.573 7.042 6.865 7.011 6.945 6.865 7.233 6.811 6.529 7.017 1.556 6.682 6.986 7.276 6.91 6.769 6.872 6.861 6.764 6.128 7.03 6.712
1.651 6.243 6.682 6.615 6.602 6.799 6.572 6.289 6.746 6.968 6.797 6.663 6.638 6.773 6.982 7.165 6.527 6.079 5.867 6.735 7.162 6.876 6.959 6.531 6.557 7.008 6.836 6.767 6.949 6.987 7.1 6.929 6.819 6.801 6.794 6.67 7.172 7.192 6.515 6.851 6.964 6.801 6.615 6.73 6.894 6.865 6.73 7.236 6.314 7.152 6.887 7.038 6.599 6.45 6.91 6.993 6.93 7.253 7.128 6.803 7.345 6.439 6.74 6.926 6.716 6.661 7.064 6.894 6.506 6.877 6.919 6.719 6.96 6.684 7.129 6.871 6.845 6.717 6.468 7.288 6.844 7.023 7.043 7.363 7.147 6.901 6.44 7.012 1.389 6.798 6.833 6.953 6.898 7.012 7.048 6.691 6.652 6.336 6.743 6.747
1.539 6.503 6.182 6.985 6.808 6.039 6.592 6.409 6.649 6.412 6.531 7.089 6.585 6.258 6.416 6.54 6.857 7.063 6.784 6.359 6.997 6.97 7.039 6.839 6.943 6.684 6.797 6.809 6.53 7.03 6.904 6.817 7.192 7.056 6.925 6.882 6.775 6.71 7.031 6.807 6.856 6.667 6.851 6.488 7.041 6.74 6.976 6.919 6.898 7.065 6.528 6.954 6.516 7.067 6.842 6.839 6.6 6.627 7.268 6.922 7.061 6.735 6.704 6.431 6.677 6.922 6.492 6.764 7.153 6.939 6.862 7.088 6.949 7.213 6.504 7.071 6.742 6.927 6.841 6.615 6.616 6.955 6.994 7.046 6.78 6.818 7.108 6.858 1.507 6.923 6.924 6.465 6.997 6.55 6.839 7.1 7.037 6.887 6.883 6.845
1.369 6.878 6.66 7.087 7.061 6.721 6.945 7.18 6.908 6.643 6.697 6.723 7.058 6.489 6.679 6.175 6.283 6.878 6.393 6.89 6.906 7.114 6.584 7.045 6.946 7.093 6.771 6.916 7.269 6.649 6.723 6.911 6.653 7.237 6.619 6.6 6.728 6.698 6.386 6.951 6.989 6.966 6.913 6.876 6.759 7.173 6.728 7.132 6.823 7.066 6.577 7.02 7.215 6.937 7.004 6.313 6.957 6.923 6.928 6.962 6.981 6.711 6.873 7.109 7.024 6.474 6.864 7.136 7.336 6.967 6.74 7.005 6.753 6.954 6.568 6.953 6.922 6.92 6.825 7.11 6.985 6.978 7.142 6.81 6.946 6.955 6.929 6.951 1.641 6.971 6.685 6.71 6.97 7.064 7.067 6.89 7.128 6.513 6.985 6.924
1.55 7.071 7.094 7.26 6.49 7.424 6.271 5.947 6.846 7.427 7.414 6.766 6.835 6.567 7.347 6.361 6.623 6.588 6.785 7.094 6.998 7.101 6.776 6.87 7.116 6.933 7.104 6.981 7.041 6.698 7.173 7.194 7.146 6.98 6.878 6.934 6.895 6.899 6.623 7.096 6.725 7.089 6.947 7.14 7.109 7.053 6.821 6.693 7.095 7.153 6.845 6.689 7.194 7.233 7.338 6.959 7.035 7.188 6.653 6.922 6.68 6.948 7.18 6.738 7.191 6.788 7.086 7.024 7.227 6.875 6.548 7.082 7.333 7.055 7.063 6.774 7.04 6.359 7.057 7.223 6.763 6.981 6.991 6.792 6.977 6.855 7.028 6.988 1.491 7.193 6.904 6.809 6.534 6.781 7.179 7.285 6.735 7.14 7.054 7.034
1.539 6.948 6.445 6.875 6.418 7.168 6.969 6.947 5.509 6.564 6.963 7.057 6.805 6.606 6.468 7.037 7.263 6.418 7.002 6.666 7.232 6.846 6.969 7.337 7.097 6.781 7.187 6.919 6.767 7.214 6.854 6.753 6.789 6.896 6.786 6.938 7.066 6.914 7.361 6.682 7.2 6.949 6.837 6.914 7.245 6.865 6.872 6.912 6.728 7.082 6.796 7.073 6.769 6.801 6.898 6.92 6.797 6.99 7.103 7.331 6.915 7.39 7.264 7.167 6.355 7.128 7.222 6.989 6.813 6.863 6.533 7.034 6.96 7.079 7.181 6.771 6.957 6.145 6.881 7.038 6.821 6.909 7.256 7.201 7.162 7.018 7.163 6.923 1.535 6.962 7.046 7.124 7.043 7.02 6.987 7.267 7.105 6.772 7.051 7.282
1.406 6.505 6.839 6.757 5.935 7.005 6.828 6.5 6.925 6.354 6.64 6.809 5.684 6.862 5.543 6.491 6.986 6.587 6.402 6.345 7.16 7.094 6.838 6.793 6.806 7.055 6.816 6.906 6.786 6.888 6.559 6.552 6.827 7.159 7.035 6.934 6.992 6.769 6.841 6.557 7.01 6.984 6.907 7.112 6.482 6.874 6.853 6.756 6.756 7.162 6.459 6.739 7.184 6.752 7.131 6.644 7.068 6.779 7.022 6.955 7.072 7.227 6.476 6.727 7.14 6.789 7.037 6.999 6.989 7.028 6.536 6.862 7.025 7.094 7.147 6.918 6.797 6.803 6.866 6.811 6.799 6.945 6.862 7.091 6.905 6.292 6.872 7.018 1.561 6.567 6.883 7.034 6.858 6.73 6.967 6.711 6.983 6.728 6.834 7.074
1.542 6.583 6.09 6.771 6.214 6.919 6.812 6.956 6.626 6.705 6.219 6.645 6.93 6.269 6.085 6.8 7 6.353 5.928 6.921 6.808 7.041 6.799 6.899 6.535 6.62 7.041 7.009 6.913 7.123 6.827 6.524 6.884 6.981 6.934 6.721 7.254 6.628 6.467 7.136 6.852 7.246 6.853 7.273 7.097 6.733 6.88 7.251 7.017 6.728 7.029 6.865 7.137 7.117 7.127 7.308 6.817 6.946 6.858 6.955 7.195 6.873 7.317 7.005 7.089 6.925 6.975 7.037 7.182 6.853 6.751 6.731 7.001 6.894 6.845 7.14 6.969 7.235 7.06 6.839 6.605 7.084 7.028 6.969 7.066 6.608 6.823 6.822 1.519 6.906 7.011 6.989 6.839 6.617 7.017 7.125 6.786 7.214 6.809 6.775
1.587 6.861 6.973 6.739 6.861 6.228 6.192 6.766 6.882 7.057 6.519 6.863 6.989 6.309 6.919 6.961 6.991 7.017 6.828 6.494 6.872 6.759 6.777 7.17 6.839 6.895 7.197 6.94 7.044 7.007 6.446 7.47 6.838 6.288 6.056 7.101 6.967 6.941 7.109 6.987 6.913 6.972 7.183 7.105 6.957 6.661 7.002 6.805 7.179 7.041 7.308 6.999 6.877 6.955 6.771 6.862 7.309 7.028 6.943 7.064 7.062 6.361 6.667 6.689 6.926 7.052 6.85 6.733 6.394 6.868 6.841 7.056 7.083 6.993 7.061 6.842 6.822 7.174 7.134 7.023 6.852 7.004 7.056 6.746 6.761 7.095 7.064 6.829 1.429 6.958 6.594 6.763 7.162 6.847 6.813 7.324 6.996 7.004 7.246 6.33
1.495 6.817 6.579 6.741 6.854 6.742 6.312 6.653 6.985 6.921 7.138 7.019 6.877 6.247 6.893 6.891 6.891 6.364 6.805 6.939 6.726 6.535 6.93 6.805 6.993 6.827 6.832 6.862 6.862 7.023 6.879 7.096 6.926 6.752 6.889 6.784 6.668 6.995 7.09 6.88 6.948 7.178 6.734 6.918 6.566 7.279 6.748 7.137 6.986 6.876 7.038 7.157 6.678 6.53 6.797 6.839 7.086 6.587 6.865 6.993 6.922 7.12 6.876 7.159 7.183 7.117 7.018 6.89 6.794 7.207 7.031 6.961 7.214 6.711 6.965 7.089 6.332 6.795 6.885 7.214 6.753 7.167 7.181 6.37 6.691 6.968 6.591 6.886 1.507 7.089 7.103 6.953 7.126 6.745 7.341 6.583 7.127 7.184 7.088 6.801
1.624 6.742 6.967 7.182 6.711 6.826 6.646 7.128 6.368 6.979 6.835 6.619 7.078 7 6.955 7.18 6.923 6.547 6.517 7.084 7.1 7.141 7.074 7.347 7.101 6.832 6.896 6.702 6.978 6.916 6.909 6.532 7.11 7.067 7.032 6.908 7.04 6.804 7.017 6.859 6.773 7.04 6.839 7.2 7.027 7.148 6.901 6.706 6.943 6.63 6.764 6.848 6.983 6.819 7.105 7.265 6.862 6.99 6.977 6.575 7.049 7.191 7.235 6.643 7.006 7.107 6.32 6.819 7.127 7.051 7.111 6.482 6.724 6.784 6.932 6.871 6.684 6.707 7.172 6.406 7.001 7.173 6.728 7.168 7.048 7.071 7.25 7.076 1.37 7.135 6.966 6.846 6.513 6.725 7.033 6.972 7.276 6.551 6.167 6.815
1.556 6.521 6.357 6.629 6.605 6.021 6.709 6.283 6.71 6.391 6.232 6.783 6.935 6.968 6.918 6.86 6.772 6.673 6.761 6.946 6.573 6.777 6.973 6.582 6.788 6.491 6.855 6.701 6.933 6.512 6.917 6.888 6.89 6.402 7.133 7.087 7.017 6.9 6.91 6.756 6.679 6.735 6.77 6.523 6.349 6.518 6.562 7.021 6.679 6.367 6.72 6.981 7.009 6.682 6.759 6.943 6.974 6.623 6.778 6.634 6.648 6.443 6.801 6.853 6.831 6.767 7.028 6.366 6.971 6.867 6.897 6.994 6.169 6.556 7.111 6.677 6.881 6.741 6.895 6.969 6.619 6.997 7.064 6.768 6.756 6.829 6.55 6.832 1.516 6.806 7.175 6.959 7.078 7.065 6.997 6.836 7.153 6.646 6.929 6.759
1.58 6.708 6.73 5.625 6.774 6.768 6.449 6.705 6.908 6.71 6.743 6.892 6.505 6.856 6.871 6.597 6.502 6.619 6.542 6.925 6.925 7.165 6.642 6.855 6.748 6.616 6.908 6.388 6.793 6.826 6.725 6.814 6.928 6.803 7.038 6.719 6.774 6.773 6.888 6.828 7.001 6.796 6.667 6.846 6.74 6.972 7.183 6.963 6.73 6.169 6.79 6.741 6.689 6.732 6.694 6.686 6.685 6.839 7.142 6.701 6.911 6.892 6.864 6.983 6.813 6.781 6.702 6.846 6.481 6.997 7.072 6.876 6.972 6.896 6.835 6.998 6.816 7.215 6.684 6.827 6.887 6.734 6.848 6.821 6.229 6.595 6.547 6.953 1.511 6.541 7.039 6.953 6.714 6.813 6.765 6.764 6.997 6.556 6.777 6.799
1.551 6.896 6.669 6.612 6.69 7.089 6.407 6.743 6.757 6.784 6.497 6.959 7.121 6.667 7.116 7.149 6.688 6.012 6.847 6.877 6.833 6.883 6.773 7.168 6.544 6.967 6.547 7.008 6.689 6.886 6.764 6.918 6.296 6.807 7.282 7.193 7.015 6.651 7.128 6.935 6.896 7.037 6.628 6.361 6.972 6.992 6.083 6.845 7.014 6.908 7.287 6.779 6.665 6.643 6.924 7.076 6.818 6.933 6.772 6.969 6.972 6.615 6.919 6.763 6.871 6.45 6.599 6.909 6.935 7.016 7.065 7.14 6.64 7.192 6.83 7.064 6.949 6.794 7.045 6.829 7.157 6.614 6.973 7.041 6.743 6.654 7.017 6.758 1.46 7.049 7.074 6.984 6.846 6.972 6.999 6.593 6.901 6.912 6.97 6.578
1.401 7.044 7.045 6.926 6.358 6.974 6.901 6.713 6.688 6.76 6.675 6.455 6.752 6.574 6.67 6.287 6.222 6.457 7.036 6.963 7.136 6.597 7.036 7.022 7.169 6.784 6.876 6.948 6.731 7.199 7.151 7.107 6.634 6.939 6.91 6.63 6.899 7.069 6.599 6.694 7.201 7.212 6.652 7.26 6.877 6.906 7.204 6.628 7.196 7.199 6.902 6.773 7.175 6.948 6.709 6.955 7.101 7.18 6.891 7.27 7.037 6.842 7.097 6.712 6.334 6.649 6.689 6.989 6.886 7.013 6.176 7.116 6.544 7.186 7.023 6.806 7.169 6.968 6.869 6.651 6.862 6.723 7.053 6.524 7.194 6.91 6.968 6.894 1.662 6.74 6.862 7.094 6.092 7.048 6.651 7.227 7.028 6.733 7.15 7.073
1.571 6.727 6.702 6.75 6.817 5.817 6.668 6.554 6.749 6.989 6.8 5.952 6.549 6.812 6.732 6.504 6.714 6.277 6.581 6.724 7.134 6.91 6.862 6.934 7.015 7.073 6.523 7.084 7.031 6.781 6.652 6.67 6.683 6.709 7.257 6.603 7.08 6.642 6.846 6.508 6.997 7.211 7.152 6.946 6.845 6.692 7.083 6.852 6.717 7.014 7.084 6.853 6.898 6.239 6.667 6.959 6.76 6.995 7.148 7.002 6.934 6.979 7.103 7.271 6.525 7.023 6.957 7.053 7.017 6.95 7.004 6.904 6.774 7.265 6.798 6.655 6.841 7.025 6.836 7.093 6.739 7.127 7.065 7.008 6.917 6.902 7.116 6.961 1.464 6.69 7.063 6.865 6.607 6.971 7.114 6.982 6.891 6.634 7.226 6.988
1.391 6.737 6.818 6.815 6.891 6.863 6.673 6.588 6.846 6.213 6.843 7.019 6.597 7.054 6.292 6.653 6.263 6.446 6.696 6.632 6.871 6.213 6.981 7.023 6.829 6.612 7.002 6.878 6.879 7.102 6.844 6.929 6.619 6.967 6.763 6.907 6.915 7.044 6.704 7.045 6.831 6.778 6.41 6.929 7.152 6.527 7.208 6.946 6.681 7.058 7.153 6.59 6.988 7.044 6.46 6.645 6.427 7.022 7 6.642 6.821 6.918 7.072 6.945 7.184 6.809 6.958 6.919 6.651 6.827 6.9 6.729 6.593 6.766 6.527 6.537 7.118 6.817 6.811 7.041 6.48 6.872 6.532 6.491 6.706 7.119 6.575 6.936 1.601 6.751 6.789 6.994 6.34 6.978 7.13 6.705 6.892 6.778 6.781 7.1
1.503 7.143 6.565 6.395 6.683 6.587 6.78 7.005 7.242 7.106 7.108 7.258 6.851 7.137 6.777 6.841 6.96 6.922 6.847 7.227 6.673 6.808 7.148 6.658 6.574 7.099 7.07 7.267 7.145 6.54 7.125 7.205 7.041 6.75 7.095 7.127 6.938 7.073 7.047 6.78 6.623 7.17 7.205 7.184 7.444 6.983 6.755 6.984 7.083 6.892 7.103 6.907 7.212 7.182 6.995 6.876 7.074 7.271 7.119 6.947 7.197 6.84 7.068 6.936 7.248 7.229 7.102 7.092 7.197 6.838 6.926 6.99 7.135 7.08 6.96 7.162 7.032 6.986 7.21 6.968 6.858 6.96 6.681 7.09 7.123 6.903 7.144 6.972 1.543 7.145 7.32 6.955 6.898 7.129 6.869 6.588 6.978 6.879 6.947 7.464
1.401 6.807 6.434 6.597 6.245 6.074 6.529 6.85 6.904 6.526 6.725 6.652 6.84 6.518 6.751 6.699 6.797 6.824 6.622 6.614 6.975 6.984 6.925 7.098 7.171 6.813 6.981 6.82 6.55 6.915 6.633 6.799 6.576 7.085 6.821 6.859 6.797 7.029 6.626 6.946 6.444 6.414 7.146 7.027 6.396 7.029 7.027 6.582 6.656 6.989 6.674 6.931 7.108 7.046 6.296 7.168 6.983 6.923 7.288 7.065 6.947 7.089 6.857 6.789 6.659 6.424 6.901 7.032 6.907 6.99 6.844 6.685 6.809 6.624 6.913 7.04 7.048 6.763 6.727 6.666 6.866 7.093 6.673 6.704 6.637 6.849 6.895 6.965 1.516 6.234 6.607 6.863 6.746 6.903 7.39 6.86 6.88 6.959 7.376 6.984
1.559 7.068 6.51 6.965 6.675 6.975 6.833 6.576 6.965 6.836 7.052 7.005 6.858 7.126 7.16 6.847 6.868 7.139 6.559 7.085 6.67 7.135 7.18 6.444 6.817 6.82 6.718 6.832 7.318 6.71 6.629 6.933 7.008 6.741 6.65 6.963 6.956 7.42 7.171 7.004 7.076 6.861 6.905 6.629 6.874 7.411 7.063 7.005 6.885 6.269 7 6.706 6.941 6.517 7.27 6.728 6.735 6.699 7.1 6.743 6.942 7.093 7.153 7.218 7.058 7.325 6.91 6.933 6.792 6.858 6.853 7.065 6.564 7.062 6.833 7.068 7.058 6.782 6.867 6.648 7.053 6.844 7.044 7.03 7.264 6.641 6.931 6.983 1.475 6.984 6.893 7.094 6.866 6.274 6.964 6.887 6.413 7.011 6.797 6.811
1.548 6.714 7.119 6.612 6.734 6.301 6.87 6.764 6.857 6.793 7.01 7.337 6.091 6.698 6.937 6.664 6.537 6.98 6.745 6.867 6.901 7.117 7.123 6.807 7.215 6.947 7.16 6.817 7.016 7.393 6.906 7.113 6.73 7.189 6.95 6.952 7.131 7.118 6.256 6.846 6.932 6.869 7.022 7.154 6.489 7.028 7.061 6.922 6.934 6.869 7.383 6.665 6.769 6.938 6.934 6.637 7.099 7.169 6.805 7.053 6.738 6.865 6.775 7.335 7.274 6.901 6.787 7.049 6.884 6.992 7.041 6.448 6.756 7.516 6.568 6.869 6.756 7.237 7.122 7.132 7.213 7.158 6.875 6.944 7.012 6.984 6.866 7.106 1.519 7.05 7.439 7.277 6.329 6.761 7.152 6.732 6.688 7.164 7.258 6.941
1.626 7.083 7.038 6.695 6.858 6.654 6.028 6.685 6.997 6.684 6.066 7.109 6.857 6.833 7.153 7.044 7.014 6.682 6.295 5.62 6.613 6.623 6.651 6.682 6.881 6.828 6.556 7.061 6.898 6.656 6.916 6.644 6.902 7.016 6.968 6.878 7.158 7.002 6.776 6.931 6.815 6.974 7.058 6.948 6.993 6.809 6.967 6.916 6.77 6.899 7.11 6.661 6.887 7.255 6.722 6.828 6.066 6.512 6.946 6.797 6.627 6.842 6.88 6.493 6.587 6.812 6.944 7.127 6.606 6.868 7.075 7.145 7.236 6.811 7.077 6.482 6.745 6.485 7.025 7.212 7.114 6.838 6.89 7.135 6.671 7.009 6.961 7.001 1.508 6.992 6.989 6.717 7.128 6.758 7.301 6.662 6.862 6.985 6.733 7.058
1.508 6.594 6.543 6.711 6.392 6.323 7.11 6.39 7.12 7.072 6.817 5.938 6.488 6.74 6.637 6.756 6.591 6.749 6.95 6.434 7.331 6.592 7.162 6.919 6.689 6.306 7.28 6.709 6.851 7.031 7.036 7.13 6.939 6.906 6.992 6.847 6.625 7.234 7.015 7.269 7.124 7.075 6.902 7.127 6.86 6.748 7.086 7.128 6.797 6.625 6.853 7.133 6.771 6.891 6.917 7.022 6.845 7.104 7.187 7.16 7.235 6.643 6.799 6.867 6.708 7.039 7.089 6.928 7.186 6.824 6.793 6.954 6.878 7.045 7.174 7.129 6.671 7.135 6.754 6.949 6.868 6.983 7.081 6.985 7.004 7.181 6.698 6.673 1.641 7.062 6.847 7.027 6.651 6.887 7.19 6.98 6.791 6.694 6.91 6.778
1.528 6.939 6.67 6.368 6.447 6.659 6.764 6.561 6.494 6.877 5.524 6.839 6.732 6.772 6.856 6.955 6.36 6.353 6.775 6.787 7.116 6.868 7.086 6.679 6.496 7.013 6.837 6.846 6.773 6.866 6.885 6.375 7.004 6.781 6.828 6.611 6.905 6.936 6.971 7.097 6.63 6.702 6.922 6.924 7.19 6.833 6.944 7.234 6.644 7.018 7.059 7.184 6.755 6.89 6.874 7.2 7.049 6.742 7.007 6.68 6.995 7.047 6.724 6.998 6.538 6.203 7.007 7.288 7.043 7.077 7.038 6.818 6.909 6.905 7.205 7.099 6.899 7.085 6.731 6.81 6.283 6.974 7.117 6.67 7.058 6.791 6.925 6.603 1.505 7.328 6.945 6.914 6.938 6.938 6.853 6.525 6.717 6.683 7.055 6.835
1.611 6.229 6.614 6.396 6.999 6.695 6.446 6.014 7.039 5.483 6.849 6.976 6.568 7.037 7.141 7.002 7.125 6.925 6.88 6.643 7.034 6.81 7.226 6.563 7.033 6.681 6.791 7.094 6.665 7.076 6.535 7.149 6.871 6.284 6.984 6.841 7.103 6.941 7.238 7.164 7.316 7.127 6.848 6.787 6.867 7.339 6.533 6.864 6.445 6.798 7.304 7.141 6.854 7.015 7.043 7.071 6.728 6.976 7.015 7.227 6.594 6.654 6.473 6.563 7.024 7.135 6.981 7.398 6.922 7.038 6.757 7.368 6.911 7.003 6.422 6.867 6.709 5.616 7.011 6.759 7.083 6.82 6.689 6.82 7.101 6.839 7.11 6.64 1.409 6.675 6.836 7.092 7.087 7.09 7.328 6.978 7.138 7.123 6.87 6.989
1.399 6.756 6.808 6.999 6.51 6.691 6.784 6.404 6.524 6.737 6.698 7.025 6.03 6.612 6.882 6.717 7.173 6.846 6.893 6.913 6.969 6.984 6.668 6.916 7.158 6.383 7.126 7.011 7.275 7.222 6.776 7.009 6.737 7.406 7.1 7.016 7.007 7.017 6.812 6.848 6.818 6.602 7.016 6.969 6.952 6.962 7.049 7.151 6.835 6.932 6.93 6.72 6.969 6.78 6.893 6.806 6.809 6.475 6.967 7.076 6.927 7.131 6.493 6.702 6.966 7.169 6.51 6.454 7.042 7.051 7.456 7.131 7.058 6.994 6.799 6.786 6.684 7.101 7.014 6.953 6.099 6.945 6.774 6.724 7.208 7.236 6.993 6.841 1.575 6.406 6.874 6.912 6.908 6.955 7.146 6.701 6.991 7.123 7.1 6.987
1.385 7.006 6.96 5.959 6.128 6.036 6.602 6.856 6.853 6.842 6.872 6.793 6.585 6.819 6.629 6.568 6.295 6.368 6.472 6.612 6.564 6.966 6.911 6.687 6.488 6.835 6.803 6.64 6.825 6.995 6.903 6.51 6.707 7.125 6.544 6.833 7.019 6.851 6.834 6.973 7.042 7.076 7.15 7.184 7.01 6.87 6.978 6.221 7.132 6.947 7.103 7.041 6.773 7.013 6.873 7.27 6.903 6.851 7.043 6.935 6.556 6.699 7.172 6.995 6.958 6.926 6.468 6.716 6.975 6.672 6.959 6.835 7.097 7.12 7.141 6.563 7.213 7.082 6.968 6.8 6.558 7.06 6.865 6.994 6.894 7.018 6.834 6.646 1.632 7.146 6.887 6.447 7.142 6.892 7.056 6.73 6.923 6.94 6.883 7.074
1.552 7.126 6.544 6.966 5.294 7.001 6.837 6.652 6.658 6.456 6.685 6.736 6.393 6.929 6.278 6.759 6.76 6.884 6.512 6.595 7.112 6.97 6.735 7.173 7.217 7.181 6.287 6.087 6.829 6.67 6.502 6.898 6.901 6.65 6.779 6.918 6.824 6.631 6.945 7.042 6.931 7.124 6.9 6.831 7.145 6.834 6.994 7.049 6.229 6.6 6.797 6.394 7.032 6.768 6.963 6.785 6.887 6.535 7.155 6.747 6.997 7.006 6.71 7.097 6.941 6.704 7.203 6.982 7.041 7.212 6.832 7.187 6.747 6.861 6.882 7.163 6.927 7.009 7.186 6.944 6.699 6.951 6.55 6.673 6.739 6.788 6.83 6.554 1.481 6.835 6.957 6.496 7.051 6.827 7.11 6.698 6.925 7.079 6.632 6.907
1.387 6.958 6.647 6.687 6.769 6.193 6.366 6.769 6.663 6.418 6.755 6.011 6.121 6.83 6.257 6.682 6.856 6.955 6.716 6.812 6.857 6.96 6.698 6.643 6.732 6.909 6.649 6.754 6.918 6.496 6.582 7.054 7.187 7.058 6.66 6.639 6.955 6.733 7.235 6.837 6.908 6.893 7.071 6.959 6.95 6.742 6.993 6.916 6.717 6.846 6.96 7.033 6.774 7.315 7 7.101 6.846 6.807 6.785 6.849 6.853 6.852 6.553 6.967 6.863 6.704 6.693 6.758 6.845 7.03 6.801 6.498 6.244 6.753 6.731 6.549 6.979 6.683 6.906 6.729 7.016 6.884 6.986 6.97 7.019 7.06 7.077 6.979 1.513 6.54 6.596 6.632 6.76 7.041 6.974 6.715 6.664 6.681 7.24 6.49
1.461 6.772 6.848 6.614 6.85 6.81 6.688 6.972 6.641 6.415 7 6.738 6.977 6.52 6.167 6.798 5.92 7.024 6.794 6.998 6.815 6.869 7.192 6.799 6.854 6.854 6.695 7.126 6.895 7.309 6.814 6.726 6.562 7.081 6.944 6.97 6.868 7.031 6.909 6.554 7.045 7.176 7.152 6.961 6.683 6.944 6.572 6.89 6.996 7.039 7.049 6.752 6.895 6.986 7.078 7.024 7.171 7.081 6.558 7 6.179 6.712 6.897 7.071 6.275 7.041 6.966 6.867 6.617 6.939 7.081 6.572 6.747 7.228 6.935 6.738 6.316 6.733 6.831 6.814 6.79 6.809 7.119 7.132 7.162 6.971 7.356 7.02 1.528 7.196 7.082 6.603 7.055 7.136 7.255 7.042 7.003 6.869 6.944 7.026
1.497 6.426 6.888 7.026 6.366 6.849 7.027 6.516 6.509 6.76 6.805 6.109 6.629 6.715 6.508 6.941 6.242 5.749 5.95 7.093 7.006 6.958 6.67 7.061 6.669 6.911 6.857 6.424 6.321 6.701 6.602 6.899 6.64 7.192 6.944 6.878 6.795 6.668 6.809 6.717 6.901 6.887 7.009 6.988 6.361 6.888 6.666 6.994 7.126 7.021 6.417 6.635 7.21 7.137 6.424 5.954 6.82 7.137 6.967 6.815 6.833 6.766 6.885 6.616 7.246 6.932 7.043 6.585 7.198 6.729 6.793 6.234 6.777 7.079 6.591 6.573 7.153 7.267 7.019 6.437 6.934 6.913 7.006 7.164 7.005 6.915 6.75 7.039 1.559 7.003 6.644 6.481 7.062 7.06 6.938 6.864 7.026 6.829 6.922 6.754
1.445 6.994 7.077 6.92 5.402 7.125 6.864 6.038 7.079 6.93 6.616 6.747 6.409 6.723 6.525 7.236 6.905 6.716 7.181 7.259 6.953 6.827 6.83 6.784 6.741 6.669 6.806 6.91 6.973 6.87 6.986 6.736 6.644 6.556 6.955 6.7 7.06 7.207 6.799 6.765 7.089 6.996 6.934 5.76 6.765 6.688 6.97 7.182 7 6.871 7.072 6.803 6.851 6.998 6.949 6.943 6.67 6.818 6.763 6.841 7.166 6.608 6.849 6.644 7.1 7.007 6.85 6.887 6.611 6.916 6.85 6.875 7.004 6.979 7.24 6.767 6.923 6.774 6.813 6.532 7.236 6.281 6.51 6.7 7.005 6.494 7.014 6.871 1.456 7.119 7.027 7.163 6.939 7.11 6.835 6.956 6.888 7.103 6.983 7.023
1.629 7.117 6.442 6.634 6.377 6.756 6.135 6.889 7.229 7.1 6.79 5.633 6.751 6.67 6.866 6.808 6.937 6.66 6.84 6.589 6.444 7.003 7.2 7.083 6.525 6.706 6.752 6.994 7.178 6.817 6.759 6.873 6.93 6.529 6.812 6.596 6.609 6.678 6.734 6.879 6.84 7.123 6.876 6.961 6.664 7.002 6.865 6.905 7.119 6.765 6.924 6.475 7.16 6.799 6.928 6.706 6.755 6.679 6.977 7.005 6.73 6.932 7.117 7.132 7.269 6.665 7.31 7.093 6.834 6.851 6.798 6.658 6.832 6.856 6.67 6.942 6.859 6.891 6.803 6.721 6.76 6.907 7.021 6.562 6.491 6.459 6.572 6.812 1.419 6.311 6.938 6.957 6.667 7.041 7.052 7.024 6.521 6.632 7.053 6.908
1.614 6.734 6.915 6.921 6.825 6.572 6.379 6.732 6.688 6.711 6.766 6.916 6.244 6.717 6.974 6.714 6.686 7.231 6.487 6.561 6.919 6.915 6.231 6.617 6.834 6.672 6.538 6.921 6.628 6.915 6.876 7.035 6.895 6.935 6.831 7.02 6.86 6.65 7.252 6.631 6.728 6.881 6.864 7.091 6.812 6.847 6.485 6.599 6.546 7.217 6.68 7.199 6.934 7.084 6.631 7.158 6.81 6.969 7.18 6.986 7.133 6.975 6.438 7.057 6.845 6.943 7.102 6.637 7.117 6.709 6.833 7.059 6.291 6.888 6.796 6.826 6.663 6.82 6.651 6.975 7.124 7.034 6.712 6.546 6.516 7.183 6.8 6.553 1.377 6.775 7.072 6.656 6.916 6.962 7.05 7.082 6.785 6.992 7.071 6.984
1.462 6.873 6.779 6.452 6.925 6.732 6.322 6.504 5.878 7.209 6.885 6.782 6.552 6.695 6.61 6.42 7.003 6.749 6.906 7.066 6.918 7.047 7.25 6.552 6.68 7.046 6.651 7.143 7.043 6.682 6.797 6.958 6.923 7.276 7.37 6.87 6.793 6.799 6.822 6.725 6.848 7.049 6.64 7.254 6.667 6.728 7.119 6.891 7.072 6.749 7.13 6.955 7.067 6.411 6.877 6.947 7.033 7.009 7.089 6.248 6.963 6.787 6.94 6.993 6.845 7.149 7.151 7.074 7.244 6.804 7.03 7.045 6.964 6.758 6.823 6.799 6.657 7.069 7.262 6.803 7.069 7.338 6.817 6.513 6.904 6.262 6.668 7.038 1.609 6.894 6.999 6.946 6.606 6.886 6.653 6.874 7.091 7.172 7.163 6.744
1.451 6.952 7.136 7.114 6.869 6.765 6.391 6.915 6.866 6.657 6.742 6.427 6.175 7.16 6.741 6.989 6.916 6.725 6.816 6.253 6.657 7.031 6.853 7.045 6.903 6.878 7.006 6.844 6.791 6.946 6.849 6.961 7.048 6.938 6.96 7.146 6.993 6.86 6.754 7.101 6.882 6.813 6.647 6.769 7.023 6.924 6.922 7.038 6.939 7.058 6.845 6.545 6.915 7.038 6.632 6.93 6.791 6.701 6.756 6.539 6.953 7.048 7.174 7.173 6.746 6.758 6.007 7.344 7.052 6.596 6.989 6.978 7.127 6.88 6.846 7.167 7.067 6.904 7.068 6.973 6.666 6.925 6.513 7.061 6.689 7.123 7.026 6.971 1.576 7.069 6.529 7.068 6.766 7.129 6.96 7.063 6.883 6.984 7.117 6.458
1.515 6.002 6.499 6.876 6.61 6.333 6.819 6.947 6.778 6.378 6.503 6.46 6.856 6.598 6.924 6.313 6.617 5.911 6.811 6.38 6.985 7.151 6.903 6.304 7.05 6.845 6.709 6.813 6.687 6.707 7.027 6.884 6.728 6.82 6.592 6.826 7.044 6.863 6.443 6.796 6.682 7.041 6.806 6.87 7.037 6.709 6.577 6.784 6.764 6.683 6.976 7.143 7.029 6.852 6.761 7.24 6.734 7.018 6.006 6.741 6.405 7.032 6.508 6.674 6.908 6.868 6.567 6.637 6.837 7.126 6.714 7.014 6.601 7.123 7.059 6.489 6.994 6.979 6.922 6.837 6.659 7.09 7.13 7.13 6.698 6.69 6.997 6.821 1.466 7.148 6.473 6.674 7.047 6.66 6.737 6.807 6.937 6.762 6.878 7.12
1.397 5.924 6.581 6.733 6.725 5.426 6.999 6.508 6.826 6.468 6.475 7.008 6.561 6.728 6.904 6.86 6.594 6.943 6.833 6.818 7.059 6.948 6.719 6.763 6.796 6.674 6.619 5.896 6.728 6.363 6.933 6.882 7.028 6.935 7.091 7.017 6.87 6.813 6.766 6.948 7.09 6.464 6.929 7.055 7.245 6.966 6.919 7.012 6.893 6.994 6.975 7.116 6.95 6.837 6.712 6.687 6.865 7.056 6.632 6.681 6.392 7.122 6.915 7.154 7.134 6.962 6.931 6.718 6.874 6.58 6.647 6.864 6.642 6.679 6.839 6.557 6.771 7.069 6.855 6.83 6.401 6.999 6.733 6.997 6.823 6.212 6.822 6.582 1.502 6.849 6.903 6.898 7.004 6.904 6.655 6.95 6.925 7.108 7.073 7.17
1.382 6.438 7.002 6.931 6.85 6.385 6.826 6.704 6.757 6.886 7.02 6.215 6.777 6.662 7.005 6.832 6.681 6.692 7.029 6.591 6.932 6.765 6.791 7.113 7.245 7.005 6.479 7.104 6.516 7.041 6.835 6.886 6.891 6.869 7.01 6.462 6.801 7.144 6.927 7.087 7.117 6.96 6.712 6.947 6.716 6.852 6.928 6.907 7.11 6.831 6.855 7.052 6.861 6.814 6.822 6.863 6.585 6.622 6.996 6.65 6.71 5.985 6.77 6.686 6.701 7.087 7.183 6.824 6.67 6.739 7.221 6.644 6.804 6.847 6.636 7.003 7.01 7.108 6.865 7.073 7.106 6.705 6.9 7.044 6.996 6.206 6.97 6.981 1.682 7.067 6.88 6.971 6.846 6.458 6.974 6.876 6.891 7.023 6.248 6.809
1.427 6.057 6.764 7.128 6.695 6.8 7.236 6.14 6.698 6.715 6.95 6.673 6.543 6.31 6.872 7.089 6.827 6.585 7.077 6.914 6.948 6.791 7.092 6.901 6.678 6.864 6.898 7.028 6.635 6.99 6.721 6.7 7.236 6.764 7.377 7.253 7.048 6.801 6.617 6.881 6.818 6.834 6.84 6.759 6.414 6.78 6.907 6.97 6.869 7.187 6.946 6.886 6.55 6.961 6.95 6.894 6.726 6.766 7.063 7.177 6.878 7.149 6.885 7.037 6.243 6.989 6.437 7.03 7.176 6.9 6.467 6.331 6.706 6.831 7.075 6.648 7.027 6.951 6.886 6.973 6.858 6.785 6.692 6.279 7.05 7.198 7.162 6.827 1.581 6.901 7.091 6.649 7.028 7.18 7.121 6.891 6.968 6.307 7.239 7.044
1.458 7.004 6.64 7.118 6.716 6.021 6.768 6.923 7.144 6.468 6.675 6.367 6.621 7.037 6.649 5.067 6.398 6.599 7.038 7.034 6.853 6.842 6.582 6.88 6.87 6.518 7.114 6.729 6.876 7.266 6.512 6.676 7.075 7.095 6.653 6.418 7.047 6.981 7.024 6.445 7.276 6.946 6.557 6.99 6.682 6.216 6.803 6.973 7.118 7.061 6.859 6.837 6.733 6.631 6.593 6.91 7.184 6.789 6.682 6.493 6.838 7.08 6.779 6.81 6.752 6.929 7.213 6.924 7.068 6.725 7.054 7.139 7.06 6.901 6.868 6.779 7.164 6.79 6.778 6.54 6.882 6.892 7.028 6.82 6.417 7.046 6.926 6.929 1.586 7.009 6.97 7.074 6.914 6.9 6.846 7.011 6.928 7.203 6.77 6.496
1.472 7.106 7.039 6.697 6.55 6.697 5.997 6.841 6.893 7.073 6.211 6.633 6.971 6.592 6.687 7.203 6.765 6.313 6.584 7.045 6.781 6.88 7.141 6.737 7.287 6.926 6.819 6.888 7.151 6.714 6.853 6.814 7.009 6.594 6.649 6.804 6.917 6.959 6.646 6.939 6.946 7.125 6.797 6.995 6.825 7.02 6.778 6.9 6.865 7.157 6.763 7.202 6.921 6.939 6.841 6.883 6.808 6.785 6.984 6.817 6.807 6.902 6.957 7.196 6.593 6.519 7.248 7.28 7.134 6.886 6.719 7.04 6.744 7.233 6.292 7.014 7.128 6.623 7.017 6.83 6.868 6.814 6.535 7.114 6.738 6.964 6.671 6.779 1.534 6.906 6.835 7.162 6.922 6.736 7.215 7.266 6.66 6.606 7.212 7.061
1.52 6.508 6.526 6.673 6.675 6.358 6.91 6.974 6.846 6.403 6.87 6.726 6.303 6.747 6.479 5.555 6.982 6.082 5.9 6.082 6.833 6.964 7.132 7.068 6.792 6.941 6.648 7.049 6.651 6.999 6.973 6.867 7.011 6.679 6.718 6.416 6.563 6.726 6.766 7.138 7.13 6.956 6.976 6.886 7.022 6.851 6.761 7.077 6.685 6.853 6.858 6.754 6.586 6.899 6.581 7.05 6.637 6.923 6.216 6.975 6.956 7.028 6.906 7.069 6.177 6.629 6.794 6.961 6.98 7.055 7.131 6.847 6.785 6.802 7.22 7.129 6.697 6.895 6.973 6.939 6.86 6.608 6.748 7.24 7.048 6.59 6.813 6.725 1.558 6.88 7.067 7.223 6.539 7.074 6.93 6.507 6.859 7.022 6.654 7.192
1.641 6.445 6.867 6.536 6.688 6.503 7 6.801 6.967 7.07 7.324 7.05 6.656 6.674 6.674 6.475 6.859 6.518 6.903 7.015 6.904 7.13 6.88 7.001 6.663 6.712 6.422 6.611 7.342 6.562 6.901 7.041 6.955 6.818 6.799 6.866 6.63 6.896 6.629 7.079 6.563 7.036 6.979 6.569 6.57 7.026 6.913 6.444 6.916 7.032 6.972 7.014 7.052 6.971 6.932 6.653 6.915 6.699 6.53 7.031 6.915 6.503 6.963 7.061 6.864 6.563 7.052 7.08 6.574 6.916 6.841 6.877 6.973 6.869 6.665 6.838 6.565 6.734 7.12 6.974 6.791 6.816 6.806 7.021 6.842 6.604 6.764 6.853 1.417 7.127 6.757 7.25 6.805 6.507 6.777 7.045 7.047 6.507 6.735 6.809
1.518 6.8 6.995 6.639 5.904 6.68 6.807 6.074 6.707 6.567 6.325 6.766 6.102 6.92 5.847 6.641 6.564 7.068 6.999 6.547 6.809 6.91 6.799 7.211 7.17 6.859 6.992 6.881 6.859 6.946 7.111 6.463 7.018 6.947 6.422 6.727 7.087 6.955 6.863 7.068 7.059 7.066 6.729 6.545 7.014 6.773 7.167 6.687 6.969 7.084 6.93 6.968 6.957 6.543 6.877 7.134 6.988 7.122 6.362 7.04 6.539 6.717 6.727 6.829 6.655 6.712 6.837 6.837 7.082 6.665 6.878 6.941 7.178 6.914 6.835 6.91 6.739 6.52 6.384 6.712 6.591 7.158 6.651 6.68 6.745 6.856 7.045 7.107 1.503 7.006 7.097 6.586 6.908 7.046 6.47 6.811 6.597 7.1 6.781 6.79
1.468 6.505 6.983 6.774 6.224 6.5 6.621 6.87 7.144 6.955 6.777 7.027 6.819 6.705 6.69 7.169 6.946 6.28 6.912 6.184 6.432 7.004 6.868 6.46 6.81 7.017 6.68 6.624 7.024 6.882 7.143 6.733 6.733 7.01 7.027 7.102 7.131 7.054 6.838 6.949 6.862 7.08 6.996 6.734 7.23 6.931 6.982 6.952 6.883 7.075 7.163 6.798 6.672 6.787 6.728 7.066 7.038 6.515 6.255 6.632 6.873 6.869 7.114 6.913 7.105 6.852 7.062 6.77 7.097 6.803 7.14 6.936 6.719 7.35 7.144 6.767 6.98 6.888 6.779 6.859 7.014 6.989 6.832 6.789 7.1 7.012 6.733 6.941 1.478 7.041 6.855 6.816 6.784 6.904 6.661 6.835 6.97 6.336 6.986 6.99
1.647 6.632 6.77 6.925 6.959 6.988 6.633 6.848 6.329 6.812 6.858 6.726 6.348 6.899 6.295 6.941 6.74 6.468 6.518 6.315 7.235 6.958 6.91 6.795 7.297 6.413 6.905 6.978 7.077 7.168 6.835 7.005 7.133 7.241 6.927 7.009 6.914 6.923 6.777 6.676 6.873 7.197 7.091 6.845 6.659 7.041 7.164 7.015 6.899 7.129 7.137 6.994 6.965 6.595 7.408 6.796 6.676 7.019 6.617 6.971 6.825 7.159 7.143 6.915 7.033 6.908 7.236 6.476 6.765 7.264 6.669 7.126 6.971 7.216 6.623 6.872 6.775 6.798 6.81 7.006 7.172 6.838 6.696 6.881 6.831 7.143 7.224 6.708 1.476 6.64 6.936 7.155 6.486 6.798 6.57 6.534 7.139 6.967 7.369 6.7
1.52 6.467 6.544 6.423 5.75 6.439 6.683 6.518 6.725 6.773 6.243 6.719 6.665 6.137 6.929 7.001 6.675 5.721 6.261 7.002 6.965 7.063 6.835 6.899 6.953 6.729 7.003 7.106 7.021 6.914 7.074 7.097 6.652 6.893 7.188 7.049 7.084 6.813 6.697 6.863 6.551 6.981 6.893 6.867 6.874 7.115 6.502 6.997 7.224 6.459 7.041 6.803 6.532 6.774 6.811 7.057 7.027 6.982 6.436 7.167 7.038 6.471 6.848 7.023 7.203 6.78 6.932 6.445 6.711 7.047 6.831 6.831 7.241 6.471 7.036 6.892 6.7 7.163 7.181 7.028 6.733 7.067 7.054 6.883 6.868 6.668 6.863 6.912 1.507 6.897 6.724 6.869 7.07 6.539 6.536 6.853 6.552 6.855 7.039 6.673
1.542 6.262 7.019 6.961 6.232 6.886 6.898 6.663 7.02 6.435 6.889 6.92 6.746 6.778 6.362 7.085 7.139 6.89 6.886 6.355 6.731 7.025 6.871 6.908 7.177 7.106 7.068 6.926 6.997 7.015 6.828 7.067 6.651 7.371 6.737 6.761 6.894 7.041 7.123 6.889 6.697 6.615 6.791 6.95 7.17 7.2 7.038 6.879 6.93 6.811 7.07 7.099 6.886 6.95 7.099 7.013 6.693 7.037 6.884 7.104 6.833 6.854 6.806 7.06 7.101 6.482 6.562 6.507 7.274 6.737 6.959 7.058 6.437 7.203 7.214 7.086 6.789 6.477 6.841 6.785 6.946 7.395 6.732 6.644 7.147 7.116 6.981 7.188 1.535 6.62 7.141 7.119 6.938 7.006 7.25 6.909 7.091 7.204 6.89 6.875
1.561 7.075 6.423 6.494 6.954 6.932 6.798 6.43 5.996 7.065 6.611 6.823 6.678 6.948 6.571 6.948 6.595 6.551 6.832 6.839 6.829 6.863 7.281 6.894 6.652 6.836 6.983 7.02 6.835 7.035 6.937 7.174 7.03 7.028 6.647 7.065 6.811 6.896 7.095 7.328 6.873 6.841 6.224 7.126 6.957 7.079 6.961 6.853 6.762 7.078 7.132 6.795 6.977 6.848 6.68 6.8 6.343 6.423 6.58 6.43 7.036 6.519 6.377 6.882 7.241 6.843 6.662 6.425 7.263 7.2 6.504 6.981 6.693 6.87 7.027 7.044 7.052 7.019 6.821 6.485 6.767 6.848 6.875 6.61 6.958 6.888 7.013 6.327 1.49 6.85 6.931 6.913 6.973 6.904 7.169 6.623 7.106 6.773 7.05 6.823
1.639 7.173 6.485 6.471 7.133 6.849 6.598 6.445 6.601 6.817 6.737 7.048 6.753 6.693 6.819 6.782 6.512 6.523 6.379 6.805 7.078 6.972 7.034 6.994 6.954 6.851 7.175 7.086 7.331 6.666 7.013 6.699 6.952 7.071 7.03 7.063 6.831 6.853 6.794 7.054 7.289 7.108 7.025 6.991 6.829 6.81 6.961 6.997 6.739 6.862 6.907 6.879 6.872 6.801 7.063 6.723 6.786 7.297 6.939 6.935 6.841 7.324 6.882 6.829 6.312 6.559 6.675 6.967 7.027 6.928 7.116 7.43 6.924 6.951 7.024 6.942 6.963 6.947 6.504 7.132 6.971 5.983 6.978 6.945 6.97 6.915 6.743 7.112 1.482 6.876 7.223 6.651 6.57 6.813 7.134 6.929 6.796 7.076 6.41 6.713
1.414 6.986 6.485 5.945 6.41 7.081 6.771 6.202 6.707 6.774 6.753 6.797 6.368 6.733 6.879 6.854 6.737 6.6 6.779 6.566 6.805 7.197 7.08 7.004 6.752 6.712 7.2 6.908 6.528 6.837 5.903 7.021 7.034 6.979 6.779 6.521 6.937 6.988 6.57 7.06 6.495 6.965 6.65 6.546 6.567 6.731 6.805 7.163 7.133 6.909 6.831 7.101 7.01 6.993 6.779 6.896 7.144 7.091 6.91 6.63 6.753 7.091 7.141 6.955 6.286 6.289 6.524 7.035 6.553 6.902 6.586 6.775 6.758 6.871 6.453 6.775 6.75 6.171 7.136 6.622 6.64 7.092 7.162 6.831 6.595 6.724 6.994 6.925 1.514 7.054 6.687 6.822 6.623 6.989 6.884 6.972 6.962 7.036 7.099 6.845
1.379 6.847 6.806 7.002 6.758 6.456 6.968 6.772 5.676 6.67 6.995 6.999 5.813 6.693 7.165 6.496 6.701 6.769 6.33 6.842 6.903 6.654 6.957 6.819 6.463 6.658 6.588 7.179 6.922 6.624 6.65 6.934 6.782 6.658 7.016 6.763 6.841 6.646 6.9 6.961 6.726 7.019 6.864 6.427 6.812 6.54 6.653 6.827 6.912 6.63 6.961 6.839 6.792 6.936 6.613 6.683 6.963 6.688 6.66 6.972 6.538 6.71 7.209 6.708 6.299 6.867 6.903 6.651 6.955 7.061 7.007 6.571 6.744 6.625 6.747 7.021 7.027 6.767 6.933 6.895 7.072 7.144 6.838 6.741 6.771 6.923 6.949 6.684 1.632 6.73 6.721 6.645 6.924 6.671 6.803 6.901 7.081 6.764 6.84 6.78
1.514 7.317 7.031 6.569 6.918 6.135 6.6 7.081 6.329 7.216 6.899 7.033 6.455 7.073 6.988 6.738 6.832 6.571 6.78 6.849 6.681 6.989 7.021 6.59 7.013 6.746 6.851 6.815 6.866 7.091 6.979 6.45 6.437 6.912 7.005 6.239 7.162 7.043 6.922 7.007 6.198 6.937 6.803 6.775 7.049 6.661 6.926 6.821 6.641 6.794 6.942 6.58 6.78 7.052 6.843 6.963 7.003 6.837 6.736 6.583 6.902 6.89 6.927 6.931 6.927 6.913 7.217 6.857 6.704 6.763 6.493 6.932 7.14 7.026 6.591 6.912 7.059 6.902 6.929 6.744 6.596 6.925 6.678 7.012 6.418 7.162 6.491 6.762 1.556 7.104 6.85 6.765 7.083 7.123 6.763 6.719 6.556 6.625 6.782 6.578
1.609 6.876 7.152 6.816 7.189 6.895 6.193 6.887 6.826 6.683 6.885 6.84 6.896 6.766 6.162 6.959 6.109 6.471 6.517 6.998 6.705 7.124 6.633 7.067 6.638 7.054 6.98 6.991 6.924 6.526 7.148 6.957 7.102 6.907 6.927 6.159 7.112 7.103 6.809 6.96 6.86 7.159 6.713 6.895 6.788 6.952 7.044 6.877 7.077 7.126 7.006 7.148 7.085 6.965 6.978 7.099 6.974 6.934 6.43 7.286 6.741 6.598 7.333 6.22 6.801 7.234 6.769 7.116 6.719 6.533 6.793 6.948 6.691 7.348 6.934 6.526 6.908 6.939 6.879 6.846 6.49 6.91 6.868 6.684 6.66 6.693 6.708 7.064 1.406 6.902 6.885 7.045 6.819 7.102 6.896 6.964 6.329 7.273 6.63 6.992
1.565 6.497 6.414 7.227 6.518 6.578 6.724 6.972 6.607 6.421 6.883 6.811 6.48 6.919 6.479 6.861 6.797 6.51 6.815 5.958 6.987 6.937 6.892 6.543 6.916 6.793 6.807 6.867 6.942 6.775 6.996 6.842 6.95 7.22 6.701 6.781 6.946 6.966 6.58 7.173 6.876 7.03 6.867 6.989 7.13 6.56 7.173 6.704 7.113 6.764 6.982 7.117 6.975 7.068 6.905 6.944 6.87 6.761 6.961 6.389 6.624 6.523 6.837 6.889 7.087 6.486 6.481 6.631 7.014 6.863 6.762 7.077 7.078 7.109 6.962 6.876 6.844 6.912 6.718 6.718 6.721 6.909 6.744 6.644 6.581 7.269 6.921 7.007 1.459 6.688 6.773 6.855 6.921 6.938 6.966 7.006 6.122 6.888 7.127 6.807
1.506 6.805 6.91 5.897 5.984 6.754 6.797 6.39 6.587 6.741 6.939 6.386 6.901 6.674 6.944 6.465 6.994 6.321 6.249 6.866 7.07 6.924 6.898 6.905 6.697 6.939 6.989 7.108 7.099 7 6.963 7.036 6.673 7.278 7.046 6.969 6.022 6.829 6.951 7.139 6.814 7.143 6.815 7.091 7.215 7.001 6.94 6.921 6.294 6.877 6.877 6.94 6.8 6.816 6.998 6.547 7.151 7.164 6.971 6.815 6.684 7.154 6.569 6.801 7.07 7.035 7.127 7.172 7.047 6.784 6.891 7.075 6.823 6.741 6.901 6.767 7.071 6.234 6.892 7.103 7.034 6.754 6.88 6.771 7.05 7.067 7.197 6.994 1.521 6.715 6.907 6.892 6.798 7.293 6.833 6.79 6.684 6.792 6.386 6.739
1.513 6.642 7.163 6.298 6.775 6.855 6.619 7.109 7.086 6.483 6.452 6.988 7.01 6.823 6.286 7.07 7.18 6.716 5.652 6.211 6.912 6.803 6.974 6.376 7.041 7.13 6.829 6.887 6.868 6.835 6.804 6.507 7.011 6.295 7.158 7.151 6.794 6.884 7.131 6.663 6.759 6.645 7.015 7.057 7.1 7.276 6.331 6.566 7.149 7.198 7.046 6.966 6.92 7.176 6.741 6.88 7.172 7.242 6.787 6.913 7.122 7.166 6.64 7.204 7.213 6.845 6.997 7.041 6.729 6.967 7.164 6.887 7.194 6.929 6.688 6.763 6.89 7.418 7.077 7.061 7.039 7.183 7.37 6.584 6.736 6.782 6.967 6.992 1.572 7.052 6.999 6.944 6.566 7.177 7.051 6.913 7.071 6.841 7.014 7.303
1.44 6.6 6.793 6.161 6.213 7.055 6.388 6.677 6.595 6.678 6.629 6.614 5.689 7.088 6.986 6.736 6.793 6.949 6.61 6.506 7.01 6.788 6.851 7.075 7.261 6.438 6.925 6.736 7.004 6.716 7.002 7.015 6.671 6.757 7.062 6.992 6.999 6.786 7.276 6.828 7.043 7.307 6.857 6.951 6.934 6.942 7.011 6.818 6.795 7.059 6.912 6.989 6.537 6.817 6.985 6.924 6.656 6.56 6.926 6.615 7.003 6.773 7.068 6.709 7.06 7.218 6.699 6.746 7.19 6.209 6.94 6.781 7.204 6.621 6.862 6.974 6.657 7.084 6.479 7.078 6.977 7.051 6.72 6.607 6.994 7.11 6.822 6.766 1.525 7.044 6.695 6.655 6.7 6.911 6.514 6.384 6.877 6.994 7.051 7.074
1.454 6.684 6.741 5.687 6.777 6.789 5.917 6.646 6.952 6.511 6.419 6.322 5.833 5.514 6.649 6.812 6.521 6.58 6.861 6.146 6.736 6.883 7.063 6.424 7.104 6.676 6.831 6.656 6.787 7.091 6.796 6.721 6.76 6.596 6.957 7.071 6.522 6.741 6.945 6.697 6.56 6.938 6.755 6.668 6.469 6.635 6.825 6.748 6.757 7.023 6.59 6.677 6.909 6.721 7.107 6.76 6.655 6.996 7.011 6.991 6.8 6.774 6.697 6.853 6.694 6.09 7.082 6.651 6.966 6.731 7.017 6.762 6.902 6.599 6.871 6.876 6.771 6.881 6.686 6.567 7.025 6.898 6.572 6.655 6.673 6.66 6.985 6.618 1.526 7.03 6.579 6.331 6.925 6.487 6.879 6.658 6.613 6.942 6.844 6.734
1.492 6.579 6.834 6.601 6.54 5.919 7.25 6.449 7.039 6.678 6.837 6.32 6.473 6.607 6.716 6.755 6.525 6.829 6.779 6.827 6.775 6.737 6.53 7.139 6.969 7.366 7.117 6.936 6.935 6.927 7.034 6.673 6.454 7.277 6.497 6.907 7.046 7.142 6.811 7.014 7.052 7.425 6.987 6.762 6.828 7.008 7.277 7.251 7.035 7.131 7.254 6.768 7.209 6.877 6.725 7.236 7.225 7.265 6.794 6.952 6.864 7.197 6.748 7.242 6.717 6.651 7.236 7.029 6.971 7.135 7.11 7.244 6.668 6.849 6.937 7.104 6.871 7.289 6.818 7.035 7.11 6.767 7.099 7.348 6.869 6.812 7.004 7.087 1.469 6.988 6.784 6.732 7.221 6.761 7.135 7.123 7.032 7.275 6.985 7.062
1.401 6.092 6.506 7.097 6.42 6.651 6.777 6.126 6.407 7.009 6.659 7.149 6.599 6.701 6.859 6.613 7.045 6.868 6.761 5.9 6.956 7.001 7.173 6.695 6.924 6.211 6.893 6.646 7.27 6.641 6.727 6.654 7.195 6.461 7.124 7.112 6.69 7.104 7.108 6.864 6.899 7.096 6.877 6.848 7.125 7.113 6.822 7.097 6.602 7.34 6.979 7.279 7.075 6.665 6.789 6.882 7.272 6.659 7.26 6.854 6.968 7.136 6.504 7.001 7.219 6.98 6.997 6.988 7.159 7.341 7.011 7.276 7.067 7.019 6.968 6.625 6.511 7.279 6.952 6.889 6.935 7.046 7.298 6.9 6.915 6.726 6.875 6.907 1.619 7.173 6.973 6.903 7.164 7.059 6.924 6.582 7.045 6.59 6.806 7.047
1.583 6.794 6.64 6.669 6.578 6.612 6.956 6.55 6.632 6.758 6.064 6.849 6.483 6.798 6.942 6.677 6.46 6.693 6.436 6.121 7.23 7.19 6.639 6.555 6.739 6.877 7.12 6.759 6.643 7.026 6.884 6.904 6.971 7.28 6.924 6.911 7.081 7.279 6.956 6.954 7.056 7.144 6.886 7.1 7.041 6.599 6.364 6.473 6.928 6.91 7.093 7.179 6.856 7.069 7.102 6.937 6.85 6.701 6.847 6.792 7.067 6.86 6.978 6.813 6.638 6.942 6.764 6.894 7.197 6.567 7.164 6.98 7.127 6.82 6.942 6.761 7.014 7.158 6.38 7.005 6.683 7.235 7.05 6.988 6.68 7.256 7.121 6.472 1.489 6.863 7.101 7.155 6.942 7.335 6.876 6.813 7.015 6.665 6.697 7.248
1.522 6.548 7.051 6.933 7.022 6.556 6.684 6.79 6.938 6.407 6.821 6.121 6.244 6.781 6.698 6.882 5.979 6.25 6.664 6.262 7.092 7.079 6.799 7.137 7.126 7.091 6.901 6.705 6.378 6.574 6.912 6.692 6.634 6.817 7.189 7.053 6.896 6.739 7.102 7.093 7.185 6.612 7.057 6.715 6.972 6.925 6.884 7.289 7.079 6.965 7.229 6.722 6.787 7.105 6.892 6.761 6.353 7.192 7.093 6.344 6.671 6.712 6.865 6.526 6.834 6.535 6.695 6.443 6.597 6.817 6.782 6.984 7.037 6.59 6.994 6.871 7.066 6.706 6.636 6.543 6.517 6.632 7.221 6.984 7.302 6.987 6.513 6.723 1.517 6.751 6.84 6.867 6.696 6.826 7.113 6.52 6.632 6.94 6.813 6.769
1.505 7.179 6.895 6.627 6.817 6.816 6.887 6.451 7.092 6.777 7.127 6.751 6.248 6.882 7.155 6.4 6.217 6.988 6.511 6.671 6.483 6.23 6.925 7.207 6.52 6.645 7.04 6.778 6.768 7.174 6.85 6.879 6.4 6.871 6.58 6.733 6.755 7.082 6.702 6.952 6.924 6.639 7.142 6.936 6.754 6.999 6.737 7.007 7.186 7.197 7.062 6.453 6.298 6.745 6.815 6.644 6.681 7.115 6.934 6.853 7.103 7.217 6.981 6.547 6.858 6.957 6.575 6.995 6.723 7.11 6.522 6.834 6.375 6.848 6.928 7.042 7.101 6.669 7.153 6.755 6.849 7.034 7.285 6.728 6.928 6.466 6.582 7.078 1.448 6.795 6.858 6.836 6.78 6.676 6.733 7.085 6.544 7.21 6.838 6.905
1.346 6.57 6.307 7.046 6.768 6.312 7.193 6.534 6.623 6.528 6.84 6.973 6.836 6.286 6.948 6.907 6.21 6.958 6.626 6.543 6.781 6.399 6.644 6.869 6.993 6.758 6.668 6.686 6.627 6.605 6.851 6.847 6.977 6.861 6.914 6.888 6.815 6.81 6.982 7.169 7.166 7.074 6.928 7.189 7.061 6.611 6.769 7.338 6.909 6.626 6.97 7.131 6.978 6.916 6.625 6.977 6.813 7.042 6.826 6.8 7.097 7.017 6.932 6.893 6.923 6.712 6.904 7.214 7.194 6.708 6.917 6.513 7.05 6.913 6.553 6.919 6.843 6.918 6.901 6.806 6.988 7.092 7.153 6.761 6.79 6.655 6.831 7.086 1.571 6.81 6.799 6.732 6.271 6.96 6.732 6.929 7.058 6.914 7.065 6.797
1.45 6.775 6.828 6.496 6.249 6.489 6.468 6.604 6.761 7.044 6.499 6.364 7.004 6.67 6.833 7.027 6.719 7.046 4.666 6.821 6.43 6.832 6.733 7.062 6.645 6.797 6.861 7.19 7.02 7.001 6.835 7.062 6.852 6.892 6.805 6.88 7.033 6.497 6.934 6.807 6.783 6.92 7.087 6.779 6.96 6.941 6.672 6.913 6.618 6.858 7.05 7.203 6.604 6.401 6.88 6.952 6.814 6.859 6.939 6.9 7.043 7.006 6.968 7.03 6.079 6.476 6.707 6.984 7.236 6.749 6.442 7.036 6.64 6.771 6.816 6.966 6.809 6.598 6.775 7.142 6.922 6.818 7.019 6.923 6.783 6.174 6.994 6.929 1.536 6.84 7.053 7.144 7.007 6.356 7.013 7.093 6.837 6.809 7.091 6.699
1.641 7.044 6.922 6.012 6.96 6.388 6.451 6.611 6.056 6.98 6.45 6.739 5.733 6.553 6.632 6.562 6.859 6.944 6.585 6.358 6.605 6.81 6.614 6.803 6.831 7.056 6.955 6.867 6.887 7.076 6.899 7.226 7.127 6.357 6.653 6.913 6.78 6.695 6.911 6.786 6.965 6.699 6.771 7.08 7.014 6.49 6.843 6.868 6.718 7.031 6.834 6.884 6.637 7.003 6.716 6.689 6.83 7.096 6.632 6.759 7.193 6.962 6.968 7.006 6.841 7.113 6.963 7.054 7.061 6.925 6.801 6.774 6.923 6.803 6.38 7.088 7.071 6.724 6.787 6.81 6.764 6.867 7.025 6.701 6.954 7.096 6.811 6.958 1.423 6.503 6.802 6.999 6.881 6.879 6.958 6.862 6.933 6.946 7.151 6.861
1.628 6.577 7.006 6.743 6.892 7.158 6.368 7.108 6.755 6.845 6.936 6.535 6.902 6.941 5.999 6.917 5.929 6.686 6.93 6.662 6.848 6.564 6.651 6.922 6.722 7.134 6.736 6.807 7.163 6.994 6.752 6.931 7.019 7.323 7.123 7.041 6.898 7.287 7.132 6.701 6.852 6.8 7.026 6.907 6.509 7.168 7.169 6.667 7.015 7.211 6.836 7.077 7.128 6.902 6.477 7.161 6.794 6.708 6.603 6.821 7.273 6.917 7.273 6.906 6.916 6.932 7.013 7.162 6.639 6.709 6.709 6.776 7.054 6.874 6.816 6.266 6.891 7.068 6.782 7.092 6.936 6.888 6.71 7.251 6.833 6.554 6.886 6.947 1.421 6.969 6.325 6.707 6.925 6.945 6.853 7.03 6.759 7.222 6.838 6.862
1.463 6.739 6.742 6.982 6.678 7.017 6.891 6.046 6.291 7.024 6.323 7.104 5.643 6.192 6.46 6.949 6.308 6.412 6.897 6.703 6.907 7.154 6.98 6.906 7.02 6.907 6.622 7.074 7.25 7.225 6.89 6.99 6.864 6.753 6.933 6.695 6.997 7.05 6.891 6.872 6.954 6.669 6.884 7.237 6.893 7.033 6.768 6.71 6.969 6.861 7.021 7.147 7.211 6.916 6.783 6.457 7.044 6.877 6.429 7.066 6.804 6.649 6.871 6.652 6.97 6.987 6.67 7.039 6.973 6.795 7.044 6.949 6.989 6.937 7.036 7.031 7.077 7.346 6.998 7.058 6.816 7.247 6.889 7.041 7.088 6.861 7.004 6.915 1.519 6.935 6.799 7.08 7.253 6.617 6.907 6.897 6.905 7.335 6.789 6.604
1.583 6.942 6.334 7.005 6.23 6.988 6.481 6.271 6.743 7.009 7.091 6.093 6.799 6.272 6.533 7.13 6.981 7.027 6.694 5.877 6.698 6.774 6.699 6.852 7.183 6.895 6.765 6.861 7.07 6.9 6.918 7.024 7.069 6.762 6.752 6.922 6.936 6.92 7.09 7.035 6.941 7.006 7.211 7.028 6.819 6.935 6.654 6.896 7.415 6.897 6.906 6.812 6.378 6.88 6.82 6.83 7.17 7.138 6.97 7.062 7.017 6.771 6.817 6.615 6.814 6.753 6.735 6.44 7.063 6.917 6.851 6.871 6.531 6.892 6.507 7.019 6.66 6.695 7.004 6.566 6.795 6.629 6.84 7.115 6.783 6.781 6.662 6.966 1.46 6.764 6.787 6.58 7.078 6.867 7.025 6.49 7.2 6.695 6.911 6.534
1.427 6.489 6.658 6.287 7.142 7.154 6.803 6.373 5.756 7.195 6.938 6.693 6.832 6.907 7.145 6.807 6.824 6.871 7.188 6.677 6.817 7.519 7.019 6.989 7.215 7.049 7.3 6.552 6.452 6.878 7.224 7.252 7.199 7.035 7.242 6.883 7.299 6.865 6.707 7.147 7.03 7.076 7.303 6.961 6.762 7.232 7.272 7.041 6.646 6.825 7.234 7.149 6.747 7.136 7.198 7.062 6.82 7.403 7.084 7.02 6.862 6.868 7.292 6.559 6.621 6.832 7.125 7.035 7.225 7.272 6.599 6.521 7.346 7.104 7.065 7.256 6.988 7.004 7.02 6.909 7.036 7.047 6.968 6.839 6.764 7.099 7.011 7.227 1.691 7.258 7.164 7.163 6.95 6.605 7.223 7.251 7.072 7.09 6.767 6.892
1.401 6.832 6.969 6.689 7.203 6.458 7.03 6.825 6.861 6.815 6.311 6.482 6.192 6.627 6.469 6.847 6.045 7.01 6.856 6.756 6.68 6.759 7.106 6.648 6.475 6.621 7.129 6.945 6.71 6.91 6.495 6.74 6.588 6.782 7.048 6.947 6.962 6.439 6.741 6.674 7.026 6.7 6.81 6.98 6.536 6.724 6.822 6.86 6.713 6.991 6.88 7.173 6.964 7.014 6.597 6.358 6.844 6.216 7.13 6.944 6.982 6.792 6.909 6.695 6.976 6.952 6.882 6.916 6.796 6.927 6.919 6.906 6.714 7.201 6.656 6.975 6.907 6.862 6.967 6.835 6.912 6.871 6.961 6.982 6.75 6.514 7.071 6.568 1.568 6.991 7.033 6.962 6.614 6.982 6.279 6.839 6.631 6.702 6.745 6.285
