V2 V3 V4 V5 V6 V7 V8 V9 V10 V11 V12 V13 V14 V15 V16 V17 V18 V19 V20 V21 V22 V23 V24 V25 V26 V27 V28 V29 V30 V31 V32 V33 V34 V35 V36 V37 V38 V39 V40 V41 V42 V43 V44 V45 V46 V47 V48 V49 V50 V51 V52 V53 V54 V55 V56 V57 V58 V59 V60 V61 V62 V63 V64 V65 V66 V67 V68 V69 V70 V71 V72 V73 V74 V75 V76 V77 V78 V79 V80 V81 V82 V83 V84 V85 V86 V87 V88 V89 V90 V91 V92 V93 V94 V95 V96 V97 V98 V99 V100 V101
2.889 8.134 7.725 8.205 7.586 7.365 8.272 8.139 8.251 8.033 7.602 7.27 7.834 7.552 7.851 7.749 7.629 8.469 7.949 7.348 7.501 7.681 8.06 7.522 8.073 7.105 7.939 7.534 8.007 7.644 7.074 7.783 8.31 6.286 7.963 7.959 7.439 8.248 7.795 7.996 7.7 7.571 7.593 6.633 8.068 7.939 8.087 7.78 7.928 7.653 7.603 7.135 7.463 7.633 7.071 8.342 8.522 8.279 7.895 7.761 8.189 8.188 7.701 7.856 8.109 7.832 8.04 7.627 7.721 7.44 7.953 8.14 8.02 7.476 8.155 7.887 8.108 7.749 7.52 7.98 8.553 8.333 7.706 7.819 8.435 8.149 7.873 7.721 2.534 7.9 7.804 8.095 8.115 7.694 7.606 8.183 7.722 7.75 7.916 7.824
2.607 7.912 7.443 7.253 7.949 7.861 7.585 7.682 7.772 8 7.35 7.639 8.07 7.319 6.992 7.574 7.814 7.796 7.679 7.054 7.781 8.165 7.708 8.016 7.525 8.176 7.831 7.912 7.722 6.642 8.301 7.989 7.74 7.185 7.935 8.055 7.552 7.776 7.216 7.537 7.765 7.684 7.967 6.963 7.202 8.089 7.286 8.109 7.782 8.081 7.537 7.908 7.073 7.418 7.478 6.801 7.651 6.807 7.489 6.973 8.239 7.545 7.783 8.037 8.087 8.263 8.161 8.112 7.697 7.812 7.914 7.668 6.821 7.888 7.556 8.233 7.705 7.877 7.837 7.456 7.664 8.157 8.018 7.896 6.981 7.878 7.767 7.736 2.957 7.369 7.798 8.069 7.796 7.817 7.403 8.038 7.806 7.751 7.999 7.608
2.945 6.95 7.797 7.443 7.436 8.055 7.815 8.074 8.151 7.922 7.737 7.766 7.064 7.473 7.794 7.59 8.056 8.219 6.988 7.389 7.426 7.233 7.707 7.571 8.179 7.713 7.648 8.175 7.535 7.756 8.038 8.006 7.911 7.63 8.086 8.031 8.296 7.581 7.266 7.847 7.271 7.685 7.583 7.968 7.613 7.509 7.815 6.543 7.797 7.461 7.713 7.752 7.486 7.085 7.7 7.836 7.844 7.619 7.706 6.941 7.763 7.67 7.41 7.841 7.794 7.77 7.753 7.345 7.528 6.315 7.99 7.932 7.501 7.702 7.961 7.602 8.341 7.586 7.891 7.748 6.78 7.204 7.885 8.118 7.602 8.132 7.822 8.636 2.957 7.214 7.676 7.635 7.951 7.541 8.074 7.594 7.617 8.056 8.13 7.376
2.733 7.986 6.379 7.935 8.003 7.81 8.137 7.975 7.206 8.124 7.784 8.052 7.726 7.944 7.045 7.548 7.773 7.169 7.344 7.559 7.811 7.612 8.01 8.007 7.328 7.9 7.109 7.798 7.922 7.905 7.91 7.549 7.925 7.544 7.893 7.504 7.386 7.355 7.719 7.468 7.988 7.292 7.48 6.723 7.949 7.818 7.768 7.985 7.354 7.57 7.464 7.448 6.978 7.798 7.283 7.694 7.312 7.627 7.596 8.039 7.511 6.633 7.829 7.128 7.579 7.712 7.763 7.364 7.915 8.284 7.91 7.702 7.7 7.741 7.662 7.419 8.054 7.216 7.36 8.115 7.785 7.852 7.302 7.606 7.432 6.849 7.195 7.242 2.701 7.775 7.452 7.725 7.832 7.905 8.124 8.02 7.808 7.633 7.828 7.721
2.819 8.314 7.886 7.871 7.924 7.988 7.806 7.588 7.586 8.072 7.444 7.692 7.504 7.494 8.154 8.233 8.022 7.677 8.233 7.612 7.847 8.067 7.738 6.199 7.833 7.548 7.83 7.624 8.052 8.053 8.212 7.883 7.887 7.655 8.049 7.791 7.996 8.484 7.801 7.895 7.629 8.05 7.346 7.382 7.822 7.392 7.846 7.441 8.17 6.491 7.383 7.875 7.823 7.376 7.373 7.722 7.194 8.143 8.005 8.005 7.387 7.855 7.657 8.458 7.938 6.568 7.681 7.842 8.118 8.083 7.982 7.205 8.07 8.171 7.964 7.89 7.975 7.988 8.266 7.861 7.937 7.586 7.972 7.828 7.941 8.191 8.448 8.177 2.343 7.577 8.229 7.803 8.097 8.403 7.328 7.861 7.943 8.136 7.782 7.84
2.487 7.046 7.564 7.579 7.722 7.774 7.611 7.783 7.148 7.967 6.648 7.235 7.884 8.042 7.423 7.893 7.422 7.785 7.985 7.744 8.051 7.648 7.517 7.303 7.821 7.374 7.893 7.752 7.863 7.424 7.838 7.272 8.115 7.633 7.656 8.113 7.59 7.31 6.808 7.615 7.4 7.598 7.335 7.366 7.726 7.25 7.849 7.712 7.647 7.543 7.615 7.783 7.604 7.726 7.335 7.52 7.848 7.462 7.469 7.945 7.217 7.064 7.822 7.827 7.478 8.12 7.563 7.864 7.841 7.317 7.887 7.542 7.687 7.316 7.271 7.045 7.914 7.359 7.682 7.451 7.243 7.715 7.552 7.446 7.739 8.014 7.603 7.483 2.79 7.327 7.395 7.6 7.815 6.976 7.523 7.771 7.538 7.564 7.169 7.324
2.965 7.325 7.47 7.49 7.956 7.348 7.025 7.853 7.709 7.424 7.761 7.437 7.578 7.909 7.15 7.919 7.127 8.123 7.474 7.688 8.109 7.841 7.612 7.747 7.757 7.609 7.39 7.575 7.743 7.69 7.535 8.228 7.13 7.629 6.996 7.145 7.829 7.5 7.499 7.245 7.344 6.473 7.771 7.752 8.162 7.635 7.532 7.492 7.803 8.152 7.71 7.301 7.707 6.863 7.442 7.621 7.965 7.827 7.703 8.112 7.73 7.51 7.54 7.379 7.627 7.553 7.908 6.97 7.218 7.354 7.461 7.534 7.038 7.687 8.096 7.4 7.718 7.892 8.043 8.295 8.168 7.463 7.822 7.436 7.774 7.465 7.377 7.914 2.899 8.044 8.011 7.96 7.546 6.808 7.885 7.293 7.517 7.669 7.603 7.968
2.891 7.236 7.519 7.415 7.362 7.774 7.355 6.077 7.255 6.809 7.728 7.837 7.394 7.834 7.7 7.757 7.423 7.706 7.412 7.61 7.617 7.226 7.369 7.361 7.523 7.58 6.523 7.478 7.311 7.379 7.445 7.363 7.049 7.313 7.188 7.16 7.302 7.708 7.935 7.684 6.98 7.374 7.384 7.525 7.508 7.995 7.632 7.546 7.798 7.396 6.763 7.746 7.294 7.329 7.24 7.538 7.318 7.615 7.773 7.382 7.503 7.352 7.538 7.328 6.888 7.788 7.339 7.742 7.303 7.703 7.254 7.025 7.63 7.233 7.234 6.901 7.271 7.035 7.005 7.57 6.983 7.604 6.332 7.539 7.856 6.513 7.469 7.118 2.92 7.122 7.661 7.447 7.681 6.79 7.339 7.167 7.941 7.552 7.133 7.824
2.738 7.832 7.457 7.465 7.491 7.788 7.512 7.564 7.474 8.027 7.446 7.903 7.613 8.096 7.508 7.25 7.997 7.073 8.15 7.949 8.104 7.769 7.167 7.045 8.08 7.312 8.051 7.456 7.833 7.414 7.809 7.18 7.28 7.964 8.188 7.735 7.803 7.471 7.709 7.459 7.462 7.212 6.839 8.322 8.234 7.654 7.938 7.435 7.743 7.409 7.649 8.153 7.949 8.075 7.67 7.68 7.728 7.724 7.907 7.865 7.529 7.803 7.881 7.698 7.29 7.877 7.733 7.659 7.385 7.562 8.038 7.494 8.38 7.72 7.621 7.177 7.197 7.526 7.883 7.662 8.165 7.527 7.988 7.865 7.608 7.917 7.838 7.558 2.423 7.848 8.178 7.925 7.578 7.685 7.886 8.236 7.308 7.833 7.422 8.414
2.844 8.164 7.01 7.806 7.671 8.005 6.902 7.888 7.943 6.493 7.746 7.899 8.478 7.417 7.411 8.057 7.897 7.014 6.683 7.583 8.246 7.711 7.214 7.776 8.108 8.408 7.378 7.542 7.727 7.758 7.734 7.772 7.661 7.827 7.54 7.774 7.573 8.065 7.923 7.902 7.593 7.211 7.812 7.869 7.742 7.385 8.391 7.77 7.948 8.147 7.586 7.32 7.677 7.859 8.422 7.407 7.8 7.765 7.87 8.107 7.85 7.822 7.728 7.818 7.102 7.012 8.133 7.645 7.703 7.944 7.179 6.589 7.656 7.461 8.156 6.802 7.612 7.837 7.877 8.18 7.48 8.068 7.63 7.621 7.256 7.613 7.777 7.841 2.748 8.079 7.389 7.768 7.624 8.495 7.885 7.783 7.84 8.147 7.668 7.66
3.078 8.28 8.006 7.945 7.432 7.907 7.779 8.019 6.88 7.465 7.753 7.784 7.787 7.722 7.933 7.483 7.261 7.439 7.816 6.849 8.255 6.648 7.884 7.822 7.571 7.27 8.164 8.168 7.583 7.869 7.641 7.156 7.73 7.793 7.909 8.129 7.499 7.238 6.779 7.497 7.264 7.461 7.528 8.031 7.657 7.578 7.868 7.58 7.601 7.356 7.873 7.261 7.824 8.036 7.864 7.801 7.757 7.592 7.784 7.921 7.57 7.945 7.839 7.724 7.948 8.024 8.236 7.548 7.339 8.075 8.241 8.131 7.93 7.32 7.612 7.547 7.847 8.048 8.242 6.662 7.338 7.535 8.125 7.744 7.903 5.976 8.032 7.634 2.472 7.952 7.585 8.088 8.328 7.448 7.581 7.711 7.646 7.634 7.396 7.885
3.093 5.726 7.799 8.292 7.716 6.875 8.133 8.085 6.841 7.885 7.715 7.8 7.477 6.935 6.961 7.5 7.7 7.76 7.767 7.798 7.347 7.899 7.988 7.223 8.019 7.99 7.433 7.18 7.642 6.983 7.964 7.285 7.788 8.054 7.552 7.548 7.105 6.833 7.046 7.971 7.703 7.658 8.008 7.744 7.689 6.827 7.956 7.957 7.732 7.543 7.638 7.509 7.632 7.717 7.524 7.981 7.57 7.888 7.724 7.321 7.088 7.813 7.815 7.774 7.626 7.198 7.556 7.299 8.255 7.755 7.473 7.744 7.798 7.524 7.032 7.308 7.463 8.016 7.259 7.903 7.987 6.735 7.955 7.838 6.78 8.027 7.869 7.845 2.896 8.115 7.919 7.702 7.583 8.211 8.208 7.497 7.608 7.357 7.266 7.817
2.927 7.504 7.219 7.74 7.631 7.675 7.701 7.355 8.055 7.715 7.467 8.163 7.644 6.759 8.174 8.034 8.084 7.509 6.334 6.949 6.879 7.857 7.918 7.845 7.73 8.159 8.124 7.639 7.427 7.899 8.196 7.014 7.412 6.46 7.656 7.572 8.028 7.886 8.075 7.502 7.609 7.751 7.707 7.425 7.358 8.169 8.252 7.737 7.706 7.991 7.11 8.325 8.037 7.841 7.892 7.716 7.311 7.904 7.988 8.001 8.416 7.812 7.579 7.675 7.48 8.051 8.039 7.841 6.988 7.473 7.797 7.456 7.918 7.872 8.155 7.845 7.84 8.581 8.001 7.654 7.574 8.215 7.858 7.986 8.046 7.45 7.684 7.944 2.687 7.491 7.611 7.388 8.151 7.44 7.917 8.213 7.81 7.599 8.012 7.329
3.079 8.128 7.833 8.18 7.749 7.004 7.889 7.344 7.817 7.651 8.023 8.219 8.14 7.5 7.624 7.477 8.017 8.256 7.979 7.567 7.645 8.057 8.12 8.248 7.837 7.532 8.266 8.017 7.857 7.786 7.857 8.199 8.307 8.534 8.405 7.245 8.171 7.542 8.338 8.123 7.791 7.558 7.462 8.313 7.75 7.798 8.153 7.956 8.05 7.96 7.714 8.005 8.148 8.003 8.158 8.142 7.258 8.24 7.945 7.978 7.923 7.75 8.058 8.086 8.349 8.08 8.355 8.303 7.531 8.12 8.096 8.565 8.094 7.32 8.235 7.558 7.223 7.431 8.041 8.178 6.778 8.502 7.693 7.079 7.439 8.028 7.064 7.671 3.052 7.739 7.824 7.994 6.939 7.347 8.11 8.186 8 7.795 7.869 7.877
2.588 7.923 8.083 7.728 7.826 7.689 7.628 7.736 7.833 6.867 7.844 7.736 7.823 7.215 7.612 7.954 7.802 8.451 8.02 7.953 7.961 8.413 7.773 7.596 7.568 7.661 7.553 7.603 7.151 7.442 7.002 7.413 8.043 8.011 7.968 8.071 8.132 7.873 7.989 7.422 7.244 7.863 7.433 7.956 7.38 7.701 8.007 7.41 7.772 7.626 7.854 7.651 7.879 7.825 7.741 7.736 8.256 7.947 8.12 8.195 7.555 7.119 8.04 7.418 7.464 7.492 7.867 7.875 8.17 7.914 8.069 7.754 7.546 7.196 7.783 8.141 7.772 7.572 7.903 7.615 6.123 8.11 7.579 7.182 7.983 7.055 7.805 8.024 2.959 7.094 7.496 7.548 7.851 7.578 7.141 7.413 7.836 7.604 8.043 7.583
2.671 7.498 7.859 8.061 7.974 7.81 8.626 8.032 8.167 7.34 8.086 8.011 8.109 8.157 7.361 8.032 8.292 7.85 7.951 8.011 8.208 7.97 7.648 8.256 8.167 8.293 7.148 8.333 8.368 7.74 7.501 7.656 8.098 7.264 8.22 8.239 7.842 8.342 7.995 8.33 7.985 8.004 7.42 6.977 7.998 7.974 8 7.045 7.886 8.294 7.392 8.241 8.206 8.316 7.943 8.274 8.056 7.717 8.352 7.319 7.515 7.884 8.115 8.366 7.854 7.728 7.79 8.179 7.945 7.823 8.041 8.154 7.855 6.622 7.185 7.79 7.32 7.554 8.013 7.283 7.97 7.767 7.673 7.646 8.092 7.92 6.735 7.88 2.689 7.666 7.506 7.491 7.999 6.878 7.903 8.155 7.867 7.471 7.609 7.598
3.162 8.007 7.479 7.747 7.747 7.858 7.1 7.013 8.001 7.866 7.132 7.606 7.916 8.209 7.789 7.904 7.829 7.982 8.33 7.688 7.268 7.857 8.225 7.425 7.037 7.574 6.893 6.939 7.895 8.015 7.758 6.573 7.516 8.211 7.128 7.274 8.014 7.741 8.098 7.576 7.607 7.782 7.966 8.4 8.073 7.315 8.087 7.961 7.462 7.424 7.902 7.565 7.922 8.215 8 7.648 8.279 7.696 7.96 7.858 7.223 7.423 8.243 8.474 7.769 7.749 7.163 8.317 7.721 7.96 7.43 7.553 7.846 7.064 8.043 7.933 7.907 7.38 7.639 6.349 7.823 7.668 7.617 7.284 8.058 8.057 7.405 8.058 3.14 7.838 7.817 8.028 7.82 6.644 7.565 7.727 7.85 8.187 7.532 7.311
3.056 7.757 8.011 7.868 7.473 7.998 8.161 7.611 7.813 8.15 7.645 8.339 8.133 7.609 7.71 7.543 7.9 7.791 8.169 6.901 8.247 7.719 7.833 8.277 6.926 7.666 8.248 7.854 8.19 7.622 7.62 8.113 8.284 7.854 7.432 7.48 8.078 7.749 8.149 8.287 8.351 7.851 7.873 7.509 8.059 7.668 7.855 7.861 7.709 8.097 7.321 7.238 7.557 8.408 8.26 7.36 7.684 7.949 7.912 8.09 7.874 7.735 7.718 7.922 7.856 7.758 7.807 7.989 8.273 8.326 6.872 8.391 7.959 8.143 6.934 8.218 7.923 7.748 7.508 8.162 7.767 8.204 7.182 8.221 8.135 8.131 7.127 7.477 2.794 8.263 7.063 8.109 8.039 8.03 7.444 7.572 6.798 7.628 7.381 7.618
2.74 7.071 7.618 7.76 7.551 7.519 7.763 8.219 7.509 8.033 7.453 7.455 7.066 7.67 8.083 7.686 7.835 7.664 7.637 7.672 7.5 7.353 7.637 7.299 7.825 7.717 7.729 7.437 7.735 7.933 7.869 7.555 7.528 7.578 7.399 7.44 7.783 7.969 7.805 7.673 6.7 7.792 7.402 7.757 7.751 6.89 7.845 7.916 7.338 7.803 7.486 7.536 7.653 7.575 7.42 7.941 7.724 7.373 7.036 7.479 7.57 7.363 7.863 7.749 7.738 7.25 7.818 7.46 7.592 7.989 6.481 7.92 7.893 7.439 7.797 7.605 7.885 7.659 7.323 7.072 7.319 7.634 7.809 6.875 6.982 7.555 7.674 7.681 2.672 7.535 7.161 7.483 7.713 6.891 7.65 8.2 7.39 7.787 7.145 8.2
2.999 7.377 7.672 8.147 6.208 6.683 7.873 7.933 7.274 8.12 7.809 8.081 7.407 7.838 7.629 8.074 7.983 8.726 7.889 7.268 7.775 7.963 7.951 7.825 8.436 8.241 7.882 7.252 8.121 7.943 7.297 7.693 7.917 6.908 7.776 7.909 8.021 7.947 7.989 7.997 7.956 8.266 8.139 7.744 7.98 7.473 7.169 8.265 8.053 8.174 7.717 7.692 8.1 8.272 7.893 8.045 7.689 7.426 7.614 7.614 8.201 8.114 7.14 7.239 7.538 7.401 7.389 6.872 7.314 8.118 7.936 8.002 7.948 7.902 7.15 8.187 7.012 8.071 7.506 7.68 7.411 8.249 7.972 7.646 8.522 7.667 8.045 7.824 2.551 7.746 7.899 7.779 7.611 7.396 7.968 6.921 7.999 7.142 7.325 7.807
2.909 7.674 7.695 7.577 7.725 7.242 7.631 7.355 7.686 7.734 7.855 7.865 8.029 7.912 8.301 7.959 8.359 7.751 7.583 8.288 8.092 7.693 7.703 7.231 7.706 7.308 8.203 7.553 8.04 7.786 7.364 8.289 7.748 8.071 6.906 7.728 7.656 8.05 7.852 8.012 7.005 7.924 7.915 7.43 7.81 7.964 6.294 8.139 7.386 8.004 7.268 8.003 8.038 8.022 7.769 7.712 7.483 6.881 7.614 7.522 8.161 7.931 7.848 7.93 7.911 7.549 7.122 7.415 7.843 7.39 7.696 8.221 7.353 7.099 7.505 7.551 8.034 7.584 7.541 8.005 7.651 7.617 7.917 7.293 8.229 7.63 7.793 6.944 2.694 7.482 6.954 6.812 7.734 7.864 7.553 7.566 7.692 7.658 7.645 7.539
3.094 7.606 7.64 6.757 8.001 7.45 7.428 7.835 7.94 8.023 7.833 7.292 7.707 7.447 7.626 7.123 7.303 7.702 8.288 7.751 7.875 7.923 6.682 7.82 7.363 7.153 7.727 8.105 7.643 8.079 7.438 7.209 7.76 7.701 7.165 7.856 7.621 7.825 7.832 7.651 6.993 7.915 7.862 7.548 7.615 7.824 7.43 7.274 7.606 6.921 7.611 7.812 7.415 7.619 7.906 6.492 7.506 7.739 7.587 7.477 7.614 7.926 7.808 7.783 7.897 7.898 7.304 8.131 7.612 6.925 7.559 7.856 7.841 7.708 7.305 6.464 7.657 7.398 7.547 7.342 7.972 7.546 7.849 7.383 7.908 7.471 8.007 7.689 2.898 8.157 7.435 7.863 7.802 7.35 7.491 7.96 7.687 7.758 7.807 7.241
2.641 7.816 7.974 7.564 7.611 7.445 8.079 7.28 7.901 7.133 8.077 7.694 7.844 7.857 7.409 7.561 7.942 8.295 5.785 7.865 7.751 7.858 8.064 7.942 7.824 7.815 7.769 8.159 7.962 7.688 7.678 7.961 7.732 8.022 7.855 7.867 7.942 7.676 8.107 8.065 7.889 8.005 7.364 7.718 7.989 7.795 7.632 7.324 7.73 8.061 7.807 7.916 8.039 7.296 7.977 7.68 7.822 7.984 7.924 7.993 7.4 7.576 7.83 8.181 6.955 7.428 7.477 7.056 7.472 7.948 8.055 6.665 7.849 7.496 8.125 7.296 7.935 7.911 7.233 7.106 7.555 7.646 6.952 7.762 7.67 7.945 7.889 7.751 2.767 8.098 7.545 8.018 7.798 7.826 7.826 7.905 8.19 8.157 7.829 8.043
2.87 7.648 7.492 7.569 7.009 7.411 6.703 7.648 7.289 7.508 7.34 7.215 7.663 7.579 7.261 7.434 7.415 7.645 7.775 7.229 6.994 7.333 7.341 7.444 8.062 7.972 7.367 7.899 7.341 7.082 7.484 8.04 7.244 7.925 6.809 7.087 7.076 7.27 7.815 7.553 7.673 7.851 7.683 7.263 7.908 7.722 7.595 7.769 7.879 7.801 7.19 6.82 7.816 7.769 7.642 7.838 7.001 7.356 7.889 7.413 7.979 7.446 7.382 7.239 7.204 7.454 7.516 7.477 7.901 7.783 7.556 7.662 8.006 7.955 7.466 8.401 7.503 7.534 7.622 6.396 8.059 7.408 7.339 6.82 7.66 7.178 7.636 7.305 2.869 7.534 7.257 7.444 7.61 7.676 7.826 6.37 7.662 7.645 7.395 7.791
2.607 7.816 7.762 8.235 8.549 6.924 8.018 8.139 8.229 7.777 8.004 8.133 7.665 7.626 7.721 8.184 7.852 8.134 8.211 8.173 8.056 7.996 7.982 8.215 7.943 7.858 8.35 8.12 6.824 8.373 8.445 7.422 8.212 8.036 7.764 8.022 8.53 8.207 8.346 8.018 8.605 7.93 7.091 8.399 8.302 8.119 8.329 8.037 8.181 7.799 7.442 7.459 7.834 7.205 8.067 8.268 7.593 7.655 8.181 7.919 7.678 8.276 8.211 7.277 7.979 7.855 8.014 7.509 7.964 8.346 8.291 7.721 7.764 7.744 7.956 7.898 7.822 8.36 7.6 7.649 8.452 6.937 7.905 7.867 7.993 7.699 7.468 8.213 2.91 7.686 8.08 7.344 7.939 7.321 7.877 7.679 7.708 7.476 8.146 8.677
2.797 7.663 7.577 7.575 7.729 7.165 7.571 6.917 7.811 7.523 7.166 7.46 6.662 7.957 7.659 7.542 7.839 7.484 7.671 7.763 6.363 8.091 7.604 7.851 7.346 7.807 7.218 7.194 8.053 7.612 7.804 7.423 7.545 7.963 7.041 7.7 7.645 8.293 7.687 7.92 7.793 7.516 7.589 7.626 7.565 8.256 7.953 7.779 7.821 7.319 7.968 7.758 6.899 7.447 8.073 7.229 6.653 7.999 7.554 7.736 8.038 7.853 7.542 7.166 8.213 7.765 8.103 7.315 7.671 7.404 7.777 8.112 7.495 7.547 7.915 7.439 7.541 7.935 7.867 7.099 7.411 7.747 7.504 7.575 7.793 7.98 7.466 7.543 2.766 7.653 7.862 7.384 7.614 8.401 7.332 7.748 7.684 8.015 7.604 7.302
2.746 7.27 7.767 7.251 7.686 7.619 7.767 7.116 7.755 7.006 8.055 5.051 7.601 6.869 8.102 7.718 8.046 7.891 7.806 7.419 7.695 8.143 8.095 7.962 7.683 7.817 7.455 7.829 5.959 7.277 7.799 7.547 6.653 7.898 7.485 7.506 7.911 7.795 7.926 7.244 7.794 7.812 7.006 7.525 8.013 7.854 7.891 7.194 7.993 7.464 6.869 7.681 7.701 7.725 7.463 7.69 7.243 7.594 7.872 7.576 8.169 7.93 7.58 6.981 7.341 7.807 7.758 7.42 7.906 6.895 7.495 8.059 7.498 7.349 7.87 8.004 7.437 7.657 7.845 7.751 8.007 7.254 8.252 7.619 7.561 7.119 6.605 7.281 2.925 7.931 7.862 7.729 6.919 7.609 7.378 7.752 7.656 7.662 7.553 7.173
2.4 7.921 7.872 7.864 7.341 7.901 8.048 7.976 7.442 7.847 7.345 7.735 8.215 8.309 8.274 7.884 7.26 7.922 7.715 7.896 7.882 7.828 7.476 7.591 8.124 7.37 8.057 7.642 7.86 8.278 7.659 7.94 7.858 7.894 8.01 7.708 7.674 7.69 7.718 7.546 7.051 7.436 7.974 7.842 7.51 6.993 7.97 7.033 7.744 8.106 7.218 7.896 7.812 7.657 7.677 8.065 7.338 7.308 8.545 7.74 7.493 7.983 7.366 8.039 7.542 7.855 7.761 8.043 7.957 7.444 7.173 8.133 7.924 7.483 7.012 7.349 8.053 7.795 7.484 7.885 7.374 8.094 8.026 7.782 8.095 7.57 7.539 7.855 2.586 7.699 8.213 7.837 8.072 7.874 7.953 7.895 7.657 7.069 7.848 7.467
2.755 7.437 7.389 8.132 6.626 7.572 6.674 7.151 7.385 7.609 7.926 7.792 7.644 7.64 7.604 8.23 7.312 8.231 7.683 7.672 8.009 7.318 7.822 7.579 7.732 7.611 7.925 7.769 7.602 8.179 8.107 7.592 7.135 7.849 8.277 7.783 7.74 7.807 7.855 6.541 8.041 7.665 7.67 7.175 8.098 7.682 7.384 8.112 7.005 6.632 7.428 7.624 7.384 7.364 7.234 8.354 7.301 8.207 7.982 7.79 7.883 6.15 7.564 7.467 7.428 7.609 7.618 7.716 7.795 8.133 7.422 7.716 7.134 7.944 8.272 8.146 7.843 7.288 7.596 8.154 7.314 7.859 7.404 8.387 7.94 8.306 7.777 8.156 2.931 7.719 7.774 7.706 7.48 7.828 8.097 7.581 7.676 7.04 7.329 7.833
3.051 7.584 7.129 7.703 7.539 7.072 7.47 7.109 7.36 7.265 7.677 7.89 7.805 7.994 7.116 7.014 7.097 7.695 7.493 7.177 7.231 7.949 7.6 7.612 7.635 7.35 7.336 7.666 6.851 7.54 7.843 7.615 7.718 7.579 6.972 7.41 7.892 7.666 6.896 7.574 7.341 7.462 6.87 7.711 7.308 7.478 7.263 7.495 7.615 7.494 7.138 7.842 7.522 7.253 7.256 7.404 6.854 7.539 7.497 7.75 7.757 6.5 7.386 7.02 6.351 7.483 7.625 7.714 7.557 7.093 7.145 7.563 7.777 7.645 7.529 7.572 7.848 7.5 7.479 7.139 7.274 7.584 7.781 7.93 7.5 7.238 7.439 7.605 2.721 7.771 7.209 6.984 7.896 7.28 6.364 7.747 7.481 7.278 7.224 7.026
3.273 8.192 7.745 8.155 8.008 7.475 7.641 8.014 8.301 7.602 7.705 7.969 8.231 7.598 7.727 7.615 7.417 7.541 7.301 7.915 7.613 7.762 7.268 7.837 7.781 8.133 8.071 7.869 7.714 8.247 7.893 7.745 7.708 8.188 7.544 7.171 7.504 7.611 7.002 7.907 8.147 8.035 8.199 6.915 7.472 7.972 7.945 7.998 6.685 7.663 7.176 8.024 8.254 7.775 8.133 7.376 7.717 7.632 7.279 7.107 7.472 7.861 7.355 8.277 7.604 7.655 7.488 8.034 8.34 8.163 7.251 7.404 7.764 7.464 7.566 7.6 7.901 7.706 7.339 7.873 8.206 7.915 8.009 7.962 7.968 7.773 7.765 8.309 3.154 8.151 7.399 7.418 7.41 7.84 8.036 7.667 7.836 7.147 8.071 7.547
2.819 8.121 8.007 8.117 7.704 8.636 7.489 6.792 7.847 8.096 8.22 7.595 8.106 7.159 8.585 7.429 8.354 7.75 7.982 8.366 7.82 7.576 7.363 7.439 8.068 7.985 7.996 8.03 7.486 7.473 8.359 7.866 8.292 8.373 7.97 7.85 7.527 7.515 7.412 7.843 7.147 7.898 8.051 8.216 7.919 7.404 7.683 7.809 7.889 8.198 7.617 7.516 7.857 8.059 8.097 6.786 8.258 7.554 7.977 8.252 7.774 7.888 8.072 6.118 8.499 7.85 7.699 7.672 7.838 8.257 7.848 8.421 8.103 8.08 8.327 7.726 7.009 6.712 8.198 8.243 7.623 7.501 8.28 7.331 7.812 7.704 8.159 7.736 3.144 8.284 8.015 6.824 7.594 8 8.083 8.044 7.517 7.925 7.324 8.015
2.712 7.726 7.601 7.961 8.026 7.388 8.246 8.022 7.419 8.001 8.45 7.781 7.811 7.669 8.403 8.427 8.267 7.846 8.322 7.935 8.395 7.864 8.169 7.858 7.544 7.808 8.173 7.914 7.402 7.779 7.542 7.641 8.018 7.78 7.989 8.113 8.343 7.842 8.097 8.153 8.041 7.522 8.051 7.821 8.132 7.707 7.939 7.229 7.642 7.84 7.654 7.109 7.676 7.277 7.788 7.859 7.577 8.003 8.105 7.509 7.919 8.472 8.201 7.852 7.122 7.918 8.182 7.905 7.949 7.866 7.697 8.173 7.505 8.049 7.984 7.373 7.764 6.708 7.986 8.103 8.087 7.444 8.057 7.91 7.825 7.928 8.243 8.083 2.789 8.205 7.613 8.24 7.635 8.411 8.032 8.123 7.701 7.632 7.919 8.057
2.963 7.395 7.473 7.125 7.54 7.599 7.226 7.534 7.227 7.264 7.76 7.933 6.874 7.917 6.86 7.549 8.007 7.464 7.196 7.338 8.026 7.363 7.366 7.512 7.899 7.486 6.845 7.54 7.481 7.738 6.796 7.781 7.771 7.529 7.77 7.614 7.474 7.383 7.225 7.198 7.753 7.547 7.868 7.135 7.12 7.936 6.969 7.095 6.966 7.674 7.042 7.211 7.395 6.851 7.597 7.536 7.9 7.621 7.719 7.913 7.481 8.007 6.479 7.864 7.729 7.512 7.848 7.568 6.934 7.435 7.508 7.233 7.687 7.608 7.668 7.172 7.253 7.156 7.585 7.347 7.503 7.681 7.221 7.932 7.541 6.595 7.218 7.773 2.914 7.184 7.315 7.47 7.639 7.316 7.297 8.099 7.293 7.847 7.692 7.088
2.616 7.716 7.563 7.818 7.923 7.854 7.802 7.235 7.222 7.866 7.445 7.564 7.721 7.613 7.705 7.608 7.767 7.452 6.964 8.11 7.089 7.66 7.85 7.439 7.641 7.551 7.862 7.604 7.639 8.01 7.978 7.126 6.441 7.571 7.19 7.968 7.613 7.32 6.619 7.788 7.486 6.721 7.149 7.649 7.768 7.152 7.822 7.94 7.912 7.148 8.025 6.978 7.797 7.701 8.035 7.745 7.476 7.604 7.924 7.991 8.152 7.738 7.634 7.862 7.252 7.524 8.026 7.981 7.718 7.755 7.233 7.545 8.296 7.804 6.779 7.594 8.156 8.003 7.632 7.34 7.641 7.802 8.24 7.417 7.639 7.895 7.517 8.162 2.394 7.334 7.122 7.547 7.659 7.913 7.226 8.197 6.927 7.533 7.472 7.577
2.903 7.549 7.295 7.282 7.953 7.298 7.043 7.749 7.427 7.603 7.204 7.583 7.943 7.642 7.668 7.3 7.228 6.949 7.946 7.403 7.732 7.898 7.634 7.617 7.176 7.716 7.601 7.497 6.901 7.833 7.109 8.064 7.193 7.567 5.737 7.417 7.153 7.379 7.625 7.014 7.526 6.846 8.16 7.307 7.9 7.37 7.196 6.972 7.903 7.805 8.085 7.244 7.291 7.729 7.601 6.602 7.819 7.922 7.206 7.893 7.386 7.312 7.457 7.542 7.887 7.362 7.64 7.584 6.878 7.857 7.237 7.914 7.958 7.422 7.906 7.7 7.523 7.804 7.634 7.752 7.693 7.278 7.123 7.545 7.637 7.633 7.716 7.591 2.355 7.462 7.325 7.765 7.466 7.606 7.315 7.479 7.451 7.787 8.198 6.852
3.051 7.665 7.47 7.52 7.521 7.824 7.512 7.735 8.075 7.608 7.877 7.563 7.874 7.711 7.639 8.08 7.727 6.994 7.619 7.853 7.751 7.068 8.06 7.948 7.749 7.887 7.797 7.658 8.228 7.5 7.75 7.936 7.645 7.695 7.403 7.092 6.919 7.907 7.838 8.262 7.734 7.667 7.879 8.022 7.237 7.688 7.537 8.196 7.831 7.507 8.119 7.458 7.837 7.725 7.365 6.973 7.556 7.639 8.022 7.437 7.652 7.87 7.631 8.138 7.864 7.604 8 8.054 7.481 7.72 7.384 7.372 7.655 7.652 8.203 8.08 7.376 7.406 7.848 7.957 7.262 7.812 7.482 6.629 7.738 7.672 7.471 7.802 2.999 7.294 7.286 7.812 8.207 7.223 7.748 7.819 7.959 7.657 8.154 7.967
2.807 7.613 7.337 7.986 7.634 7.597 7.9 8.261 7.828 8.138 7.799 7.239 7.887 7.691 7.514 8.265 7.833 6.98 8.093 7.68 7.75 8.087 7.542 7.98 8.178 7.561 7.667 7.644 7.688 7.698 7.474 7.787 7.721 7.781 7.532 7.742 8.117 8.307 7.906 7.805 7.746 7.292 7.722 7.761 8.118 7.58 7.909 7.902 7.939 6.966 7.824 7.574 7.968 7.438 7.73 7.937 7.604 7.604 7.452 7.67 7.782 8.078 7.53 6.664 7.938 7.64 7.113 7.43 7.887 8.163 7.863 6.387 6.488 7.913 7.849 7.687 7.06 7.374 7.743 7.208 8.091 8.14 7.718 7.797 8.144 7.623 7.929 7.946 2.794 7.914 7.853 7.863 7.226 7.816 8.14 8.063 8.402 7.958 6.964 7.599
2.78 6.92 7.6 7.685 7.621 7.352 7.692 7.396 7.795 7.579 7.317 7.636 7.533 7.742 7.854 7.566 7.218 6.939 7.855 8.1 7.559 7.306 7.745 7.037 8.104 7.479 7.895 7.764 7.237 6.986 7.525 7.637 7.613 6.409 7.543 7.94 7.688 7.823 7.919 7.82 7.611 7.344 7.765 7.406 7.311 6.951 7.312 7.712 7.407 6.968 7.283 7.692 8.144 7.424 7.934 8.103 7.825 7.209 7.478 7.669 7.018 7.277 6.946 7.844 7.616 7.404 7.92 7.259 7.499 7.368 7.558 7.819 7.592 7.843 7.397 7.435 7.7 7.633 7.799 7.294 7.716 7.765 7.468 8.035 7.881 7.369 7.048 7.291 2.813 7.701 7.932 7.949 8.03 7.816 7.38 7.217 7.897 6.364 8.008 7.265
2.787 7.983 7.763 7.374 7.845 7.156 7.841 8.224 7.772 6.599 7.038 8.374 7.445 7.372 8.235 8.053 7.316 7.808 7.789 7.846 7.566 8.028 7.151 7.96 8.165 7.61 7.861 6.948 7.98 7.903 8.217 7.648 8.212 7.429 7.803 7.881 8.349 7.747 7.822 8.016 8.662 7.911 8.199 7.571 7.727 7.543 8.294 8.205 7.586 7.369 7.647 7.438 7.694 8.09 7.71 8.092 7.555 7.213 7.74 7.165 8.24 8.158 8.223 7.4 7.839 7.714 7.252 7.925 7.906 8.032 7.301 7.732 6.924 7.886 8.127 7.505 7.357 7.557 7.691 7.73 8.415 7.943 7.962 7.051 7.663 8.044 7.346 7.854 2.922 7.465 7.888 8.381 8.13 7.711 7.466 7.532 8.148 7.539 8.045 7.085
2.986 7.688 7.627 7.766 7.718 7.559 7.626 7.413 7.773 7.666 6.919 7.763 7.858 7.751 7.75 7.922 7.513 7.897 7.79 7.863 7.726 7.864 7.19 7.884 7.716 7.541 7.811 8.067 7.686 8.04 7.827 7.709 7.464 7.474 8.113 8.102 7.436 7.625 7.77 7.587 7.819 7.966 7.481 7.441 7.534 7.626 6.192 7.08 7.724 7.747 7.964 7.441 7.203 7.512 8.071 7.509 7.454 8.013 7.236 7.774 7.987 7.399 7.667 7.39 7.392 6.61 6.959 7.934 7.342 7.958 7.896 8.181 7.651 7.701 7.548 7.943 7.88 7.619 7.925 7.004 7.521 8.012 7.104 7.85 7.336 7.345 7.805 7.524 2.271 7.834 8.037 7.866 7.49 7.869 7.811 7.297 7.573 7.7 7.465 7.414
3.037 8.061 8.229 8.361 7.354 7.858 8.516 7.9 7.754 7.502 7.97 6.907 8.084 7.414 8.184 6.036 7.675 7.772 8.045 7.715 8.295 8.013 7.938 7.908 8.396 7.114 7.746 7.972 7.852 8.021 8.221 8.003 7.844 7.71 8.055 7.493 7.713 8.521 7.785 7.667 7.999 8.332 7.574 8.419 7.762 7.779 8.179 7.699 8.126 8.044 8.025 7.648 8.088 8.02 7.881 7.944 8.351 8.068 7.661 8.008 7.661 8.268 7.412 7.988 7.149 6.153 7.781 8.136 8.247 7.237 6.853 7.582 7.079 7.759 8.136 7.407 8.143 8.142 7.695 7.482 7.541 8.053 8.2 7.556 8.459 7.559 7.318 8.341 2.565 7.254 8.154 8.145 6.871 7.842 7.734 8.347 8.189 8.078 8.081 7.36
2.857 7.85 7.891 7.852 7.882 7.03 7.585 7.614 7.915 7.823 7.641 6.249 7.106 7.332 7.5 7.992 7.433 6.876 7.627 7.156 7.883 7.626 7.691 7.399 8.068 7.657 7.964 7.641 7.463 7.034 7.115 6.897 7.674 7.423 8.002 7.625 7.856 7.631 7.171 7.508 7.129 7.778 8.16 7.655 7.549 7.998 8.028 8.085 6.768 7.169 8.159 7.594 7.668 6.915 7.703 7.034 7.342 7.491 7.932 7.679 7.029 7.689 7.496 7.853 7.174 7.74 7.985 7.173 7.188 7.624 7.421 7.367 7.148 7.943 7.171 7.766 8.152 7.604 7.972 8.12 7.714 8.007 8.086 7.674 7.513 7.868 8.113 7.72 2.755 6.738 7.699 7.426 7.442 7.424 7.813 7.578 7.797 7.563 7.435 8.086
3.203 7.505 6.463 7.729 7.56 7.47 7.454 7.676 7.666 6.949 7.094 7.802 7.299 7.629 7.477 7.624 6.361 7.422 7.105 8.154 7.826 6.351 7.823 7.487 7.431 7.719 7.907 7.471 7.347 7.703 7.954 7.475 7.632 7.566 7.684 7.558 7.33 7.43 7.523 8.152 7.497 6.656 6.785 7.72 7.371 5.507 7.496 7.316 6.982 7.181 7.344 6.546 7.398 7.439 7.04 7.074 7.402 7.373 7.55 7.425 7.565 7.432 7.828 7.451 7.941 7.431 7.394 7.647 7.113 7.451 7.026 7.343 6.9 7.698 7.465 7.003 7.716 7.406 7.647 7.489 7.83 7.311 7.493 6.961 7.073 8.041 7.662 7.491 2.989 7.46 7.377 7.704 7.226 7.627 7.466 7.389 7.649 7.582 7.423 7.83
2.736 8.102 7.97 7.617 8.081 7.117 7.559 7.908 7.455 8.05 7.526 7.694 8.197 7.962 8.566 7.367 7.829 7.968 7.897 8.392 6.466 7.926 7.656 7.737 7.652 8.409 8.061 7.767 8.176 7.637 7.671 7.848 8.262 7.491 8.093 8.051 7.802 7.642 7.683 7.436 6.196 7.913 8.073 8.172 8.402 8.038 6.685 7.886 8.167 8.201 8.288 8.034 7.95 7.929 8.084 7.743 8.095 8.345 8.035 7.668 7.779 7.763 8.273 7.646 8.146 8.19 8.007 7.873 8.014 7.705 7.84 7.796 7.678 7.821 7.703 7.987 8.124 7.461 8.06 8.002 7.834 7.415 7.271 7.181 8.431 8.236 7.759 7.902 3.135 7.981 8.317 7.998 7.82 7.998 8.039 6.78 7.921 7.447 7.858 8.05
2.811 7.648 7.04 7.809 7.537 7.141 7.629 7.385 7.993 7.114 7.494 8.186 7.742 7.57 7.51 7.523 7.068 7.755 6.824 6.625 7.573 7.524 7.904 7.814 7.62 6.985 7.713 7.027 7.623 7.742 7.506 7.599 7.253 7.989 7.471 7.503 7.243 7.702 7.4 7.89 7.373 7.338 7.87 7.732 7.844 7.674 7.889 7.722 7.419 7.666 7.449 7.557 7.363 7.941 6.641 7.823 7.824 7.633 7.729 7.637 7.435 7.862 7.796 7.526 7.051 7.023 7.065 7.576 7.881 7.49 7.328 7.232 7.507 7.3 7.638 7.652 7.152 7.404 6.461 7.538 7.16 7.736 7.681 6.922 6.831 7.487 7.689 8.022 2.528 7.164 7.546 7.745 7.487 7.333 7.919 7.88 7.765 7.62 7.99 7.341
2.921 7.241 8.084 7.872 7.792 7.864 7.929 7.117 7.757 7.841 8.223 8.063 8.411 7.174 7.803 7.613 7.92 8.265 7.151 7.966 7.594 8.153 7.831 6.72 7.552 8.1 8.165 7.831 7.674 7.54 7.358 7.783 7.913 7.054 7.769 7.829 7.65 8.411 7.758 7.406 8.303 7.644 7.651 7.488 7.959 8.173 7.884 7.126 7.59 7.023 8.045 7.333 7.713 6.99 7.739 7.543 7.753 7.529 7.867 7.349 7.616 7.623 8.185 8.066 7.854 7.855 7.324 7.973 7.418 7.315 7.874 8.121 7.388 7.337 7.559 7.805 7.95 7.239 7.904 7.373 7.907 7.763 7.716 7.961 7.614 7.832 7.714 7.386 2.905 8.019 7.61 7.94 7.946 7.207 7.496 7.869 7.664 8.272 7.805 7.355
2.672 7.436 7.128 7.519 7.479 7.21 7.349 7.759 7.654 7.908 8.367 8.213 6.9 7.565 7.706 7.676 7.551 8.03 7.815 8.226 6.807 7.697 7.716 7.837 7.987 7.71 7.964 6.83 7.899 8.12 8.029 7.615 7.804 7.577 7.023 7.208 7.65 7.795 6.955 7.637 7.417 7.612 7.609 7.939 7.14 7.768 7.79 7.819 7.667 7.888 7.948 8.118 8.169 7.656 8.23 7.282 7.664 7.636 7.99 7.755 7.299 7.762 7.713 8.184 7.626 7.56 7.512 7.848 8.181 8.067 7.989 7.604 7.789 8.042 7.36 8.053 8.174 7.62 8.056 8.002 7.804 8.022 7.921 7.061 7.952 7.543 8.01 7.439 2.614 7.663 8.054 8.006 7.488 7.952 8.153 7.183 7.345 8.157 7.599 7.269
3.189 8.174 7.877 7.622 7.627 6.386 7.662 7.622 7.996 7.449 6.209 7.823 7.671 7.487 7.656 7.757 8.114 8.035 7.745 7.826 7.326 7.147 5.176 6.914 7.997 7.416 7.413 7.992 7.727 7.705 7.829 7.553 7.724 6.917 7.978 7.89 7.923 7.318 7.4 7.11 7.955 7.362 7.304 7.701 7.912 7.318 7.579 7.916 7.274 8.08 7.785 7.614 7.659 7.992 7.88 7.401 6.596 6.957 7.698 7.511 7.157 7.825 7.694 6.578 7.149 7.758 7.32 8.004 7.827 7.775 7.562 8.154 7.778 8.148 8.041 6.961 7.016 7.313 7.713 7.747 7.868 7.601 6.944 8.019 7.316 8.173 8.022 7.992 2.967 7.707 7.528 8.08 7.537 7.502 8.124 7.429 7.836 7.27 7.256 7.828
2.894 7.271 8.209 7.933 7.526 7.764 8.208 8.318 8.028 8.04 7.487 7.465 7.717 7.838 7.664 6.931 6.924 8.088 7.687 7.083 7.879 6.712 8.592 7.169 7.908 6.879 7.866 7.684 8.23 7.691 7.804 7.702 7.85 7.506 7.908 7.657 7.425 8.33 7.029 8.12 8.468 8.162 7.386 8.146 8.117 7.581 8.166 8.181 7.994 7.401 8.237 7.671 7.609 8.121 7.877 6.99 7.862 7.328 8.265 8.088 8.147 6.738 7.715 8.086 7.401 8.353 8.016 7.712 8.054 8.018 7.588 7.711 7.891 7.744 7.685 7.552 7.445 8.113 7.569 7.741 7.832 7.843 7.546 7.858 8.08 8.388 7.347 7.233 2.816 7.968 8.032 8.078 7.918 7.631 7.925 7.858 7.571 8.165 7.86 7.76
2.89 8.413 7.085 7.807 7.838 7.2 7.686 8.088 7.894 7.598 7.476 7.771 7.65 7.791 7.941 7.443 7.466 8.122 7.458 7.196 8.211 7.87 7.977 7.966 7.482 7.672 8.39 7.458 7.642 7.903 8.013 7.996 8.027 8.263 7.457 8.058 7.959 8.619 8.366 8.014 7.449 7.621 7.857 8.056 7.704 7.496 7.324 8.099 7.751 8.014 8.421 8.327 8.068 8.185 8.068 8.474 7.642 7.649 7.862 8.201 7.907 7.791 7.454 7.952 7.786 7.743 8.014 8.173 7.988 8.182 8.133 7.435 8.434 7.789 7.987 7.909 7.42 7.297 7.46 8.178 7.389 7.931 8.171 7.126 8.005 7.893 7.486 7.581 2.709 8.396 7.927 7.773 7.671 7.955 8.049 6.993 7.37 6.777 8.229 7.564
2.638 7.251 7.679 8.006 7.774 7.6 7.23 7.051 7.868 7.04 7.815 8.218 7.847 7.869 7.975 8.136 7.513 7.744 7.796 8.006 8.072 7.805 7.882 7.881 7.433 6.988 7.077 8.083 7.229 7.753 6.668 7.569 7.991 6.531 7.776 7.676 7.976 7.753 7.728 7.409 7.889 7.779 7.562 7.547 7.826 8.061 7.639 7.301 7.817 7.744 7.974 7.809 7.753 8.174 7.353 7.88 7.272 7.708 7.695 7.642 7.476 7.306 7.483 7.229 8.074 7.849 7.39 8.03 7.598 7.683 7.441 7.832 7.282 8.2 7.552 7.276 8.208 6.588 8.106 7.946 7.755 7.598 7.182 7.431 7.96 7.528 7.847 7.679 2.585 7.311 7.739 8.077 7.685 8.223 8.198 7.853 8.05 7.896 7.494 7.521
2.321 8.011 7.866 7.973 7.902 7.46 7.596 7.828 7.288 7.526 7.434 7.837 7.026 7.642 7.873 7.932 8.301 7.545 7.573 7.584 8.124 7.573 7.579 7.297 7.776 8.058 7.437 7.751 8.18 7.515 7.92 7.735 7.553 7.969 7.082 7.699 7.742 7.624 7.419 7.7 7.631 8.056 8.027 7.605 7.495 7.74 7.349 7.95 7.445 7.836 7.208 7.749 7.858 7.658 7.892 7.532 8.129 7.395 8.286 8.164 7.604 7.672 7.863 7.54 7.628 7.882 7.272 7.511 7.827 7.781 8.146 7.804 7.967 7.866 7.685 7.724 7.023 7.848 8.149 8.25 7.162 7.778 6.538 6.764 7.885 7.679 7.989 7.713 2.549 7.623 7.645 8.013 6.814 7.94 7.963 7.094 8.042 7.489 8.02 7.83
2.59 7.795 7.648 6.704 7.223 6.914 8.13 7.273 7.628 7.447 7.745 7.616 7.327 7.9 7.655 7.502 7.505 7.865 7.352 7.193 7.447 7.402 7.452 8.079 7.421 7.833 7.683 7.915 7.222 7.664 7.404 6.977 7.069 7.926 7.236 7.379 7.387 7.693 6.703 7.973 7.718 7.663 7.738 7.529 7.57 7.592 7.627 7.438 7.661 7.761 7.633 7.636 7.614 7.873 7.907 7.869 7.477 6.285 7.749 7.368 7.569 7.025 7.725 7.744 7.516 7.529 7.718 7.228 7.447 7.097 7.526 8.114 7.393 7.785 7.736 7.17 7.461 7.818 7.315 7.552 7.378 7.82 7.482 7.804 7.046 7.822 7.785 7.348 2.877 7.329 8.125 6.95 7.582 7.273 7.014 7.537 7.832 7.671 7.716 7.65
2.217 7.604 7.656 7.863 6.52 7.215 7.212 6.209 7.574 7.382 7.52 7.788 8.032 7.769 7.053 7.622 7.776 7.73 7.369 7.093 7.398 7.529 7.574 7.741 8.196 7.542 6.401 7.43 7.504 7.321 7.072 7.572 7.394 7.466 7.843 7.854 7.51 7.554 7.787 7.77 7.276 8.338 7.701 6.755 8.188 8.002 7.892 7.833 7.218 7.186 7.43 7.122 7.614 7.589 8.048 6.264 7.545 7.697 7.97 7.687 7.896 7.397 7.382 7.929 7.847 7.777 7.867 7.791 7.707 7.817 7.763 8.015 8.003 7.599 7.378 8.029 7.217 7.95 7.947 7.071 7.675 7.379 7.116 7.543 7.254 7.493 7.723 7.228 2.622 7.463 7.952 7.246 7.969 7.818 7.902 7.717 7.593 7.12 7.376 7.447
2.79 7.8 7.528 7.577 7.873 7.451 7.676 7.408 7.344 7.839 7.901 7.303 7.441 7.844 7.328 7.621 7.554 8.117 7.233 7.641 8.122 6.999 7.232 7.549 7.52 7.56 7.399 7.287 7.635 6.618 6.785 7.381 8.138 7.857 7.221 6.786 7.809 7.162 7.875 7.288 7.756 7.417 7.302 7.281 6.31 7.405 7.566 7.688 7.796 7.461 7.914 8.074 7.611 7.796 7.079 7.953 7.113 7.848 7.604 7.549 7.756 7.562 7.378 7.739 7.744 7.612 7.148 7.758 7.393 7.813 7.483 7.585 7.019 7.552 7.81 6.342 7.757 7.305 7.702 7.517 7.353 7.864 7.931 7.784 8.049 7.933 7.875 7.638 3.012 7.575 7.205 7.587 7.211 7.359 7.113 7.821 7.689 7.729 8.009 7.543
2.814 7.69 7.426 8.142 6.944 7.352 7.587 7.734 7.429 7.965 7.15 7.842 7.659 7.345 7.592 8.027 7.012 7.185 7.947 7.974 7.617 7.522 7.776 7.674 7.127 7.558 7.066 7.589 7.709 7.707 8.153 7.471 7.58 7.764 7.555 7.475 7.133 7.552 7.753 7.395 7.979 7.787 7.219 7.905 7.624 7.683 7.137 7.493 7.556 7.981 7.297 7.362 7.712 7.802 7.975 8.126 7.496 8.157 6.395 7.997 7.089 7.779 8.222 7.862 6.575 7.844 7.762 7.563 7.224 7.958 7.304 7.347 7.562 7.732 7.803 7.789 7.519 7.44 7.487 7.517 7.945 7.898 7.716 8.227 7.861 7.909 7.991 7.772 2.67 7.789 8.254 7.942 7.629 8.008 7.55 7.375 7.671 8.018 7.885 7.83
2.77 7.427 8.092 7.976 7.437 7.07 7.466 7.276 7.255 7.829 7.716 7.796 7.984 7.99 7.931 7.718 7.384 7.729 7.051 7.787 7.614 7.542 7.489 7.656 7.498 7.711 7.804 7.417 7.481 7.65 7.663 7.181 7.753 7.63 7.885 8.004 7.366 7.563 7.307 7.963 7.498 7.837 7.756 7.852 7.41 7.912 7.393 8.046 7.635 7.947 7.55 7.856 7.941 7.592 7.35 7.646 7.444 7.559 7.714 7.624 7.44 7.024 7.205 8.002 7.617 7.795 8.598 6.981 7.954 7.523 7.195 7.217 7.524 7.569 6.911 7.938 7.863 8.159 7.667 6.962 7.854 7.898 7.486 7.856 7.668 7.19 6.964 7.305 2.784 7.789 7.519 7.291 7.619 8.056 7.925 7.516 7.985 7.605 7.145 7.596
3.111 7.827 8.264 8.222 7.256 8.249 8.203 8.002 7.601 8.167 7.475 7.962 7.462 7.993 7.896 7.945 7.986 8.136 7.836 7.807 8.488 8.14 7.815 8.126 7.573 7.205 7.89 7.668 7.991 7.401 8.313 7.226 7.47 7.9 7.096 7.67 8.099 8.404 7.412 7.478 7.652 8.391 7.81 7.187 7.999 6.802 8.37 8.189 7.015 7.793 8.116 7.125 8.068 7.749 8.327 7.559 7.805 7.632 7.376 7.865 7.504 8.071 8.258 7.353 7.912 8.083 7.884 7.824 7.798 7.635 7.79 7.673 8.419 7.928 7.88 7.859 8.053 7.935 7.861 8.113 8.791 7.409 7.314 7.494 7.878 7.406 8.148 7.97 2.725 8.578 7.701 7.56 7.876 8.329 7.396 8.279 8.4 7.998 7.78 8.295
2.753 7.722 7.58 7.503 7.203 7.22 7.605 7.869 8.124 8.024 7.389 7.423 7.584 7.671 7.872 7.93 7.586 8.128 7.806 7.528 6.847 7.968 8.487 7.876 7.383 7.535 7.988 7.863 7.21 7.953 6.996 7.344 7.606 6.684 7.967 7.293 7.875 8.073 7.534 7.914 7.991 7.687 7.694 7.838 7.96 6.888 7.81 8.21 8.033 7.095 7.6 7.259 8.073 7.999 7.779 7.952 6.616 7.456 7.845 8.202 7.123 8.018 8.248 8.151 7.615 7.89 8.159 8.332 7.854 7.886 7.627 7.893 7.385 7.752 7.582 7.786 7.78 7.795 7.341 8.073 8.028 8.132 8.223 7.403 7.488 7.484 7.838 7.645 2.706 7.542 7.911 7.839 7.672 7.16 7.665 8.059 7.775 5.873 8.272 7.613
2.328 7.68 8.107 7.883 8.035 7.855 7.977 7.944 8.189 8.36 7.563 7.965 7.918 8.057 8.262 8.413 8.045 7.814 6.864 7.898 8.119 7.584 6.506 8.086 7.782 7.81 7.763 7.921 8.306 8.377 8.213 8.269 7.716 7.851 7.891 8.127 8.259 7.422 8.01 7.564 7.956 8.077 8.098 7.877 7.51 7.682 7.267 7.495 7.267 8.382 7.769 8.218 7.675 8.186 7.988 7.641 7.52 8.185 8.258 7.955 7.778 8.123 7.87 8.53 6.336 7.843 8.02 7.735 7.911 7.996 7.597 7.488 7.753 7.643 7.66 7.732 7.978 8.074 7.343 7.791 8.309 8.28 7.829 8.333 7.729 8.022 7.289 8.087 2.707 8.141 7.956 7.771 7.369 8.477 8.53 7.772 7.736 8.323 7.891 8.242
2.576 7.57 7.843 7.345 7.8 7.485 8.039 7.978 6.832 7.893 7.632 7.697 6.953 7.57 7.837 7.116 7.816 7.633 7.596 8.138 7.702 7.754 7.756 7.809 7.561 7.583 7.991 7.763 7.546 7.804 7.72 7.4 7.679 7.743 7.818 7.293 8.111 7.873 7.491 6.96 7.771 7.902 7.723 7.784 8.004 7.296 7.615 7.864 7.611 6.897 7.885 7.902 7.498 7.418 7.048 7.54 7.831 7.787 7.852 6.978 7.552 7.444 7.44 7.704 7.856 7.524 7.507 7.913 8.288 7.54 7.877 7.543 7.964 7.527 7.132 7.672 7.547 7.404 7.884 7.333 7.924 7.742 7.362 7.602 7.8 7.286 7.779 7.428 2.713 7.704 7.624 7.885 7.267 7.884 7.434 7.287 7.607 7.544 7.936 7.788
3.132 7.819 7.361 7.555 7.766 7.551 7.391 7.444 8.252 7.796 7.206 7.72 7.072 7.733 6.966 8.142 7.618 7.759 6.627 7.254 7.316 7.464 8.063 7.868 7.672 7.787 7.938 7.941 7.755 8.194 7.587 7.578 7.668 7.915 7.98 7.324 7.73 7.882 7.213 7.794 7.89 7.389 7.721 6.996 8.277 8.007 7.323 8.073 7.4 7.646 7.729 6.858 7.526 7.758 7.261 7.685 7.174 7.763 7.264 7.463 7.815 7.833 8.163 7.893 7.514 7.073 6.911 7.965 7.72 8.023 7.273 8.162 8.087 7.684 7.87 8.222 7.711 7.921 7.541 7.418 7.731 7.309 6.056 8.034 7.615 8 7.323 7.32 2.84 7.56 7.746 7.955 8.171 7.493 7.589 7.935 7.669 7.843 8.076 7.176
2.969 7.172 7.021 7.892 7.881 7.3 7.674 7.644 7.325 8.092 7.378 7.302 7.762 7.445 7.693 7.542 7.2 6.925 7.265 7.284 7.33 8.005 7.548 7.124 7.649 7.699 7.237 7.144 7.237 7.512 7.836 7.675 7.251 7.852 7.301 7.327 7.696 7.398 6.351 7.243 7.272 7.587 7.103 7.969 7.764 7.292 7.844 7.651 7.811 7.286 7.189 7.521 7.359 7.203 7.384 7.63 6.326 6.953 6.144 7.273 7.186 7.433 7.123 7.591 6.929 7.701 6.09 7.422 7.636 7.586 7.254 7.734 6.606 7.836 7.59 7.304 7.411 7.173 7.323 7.726 7.053 8.04 7.895 7.92 7.034 7.316 7.436 7.662 2.941 8.028 7.305 7.239 7.42 6.857 7.887 7.608 7.596 7.617 7.441 7.692
2.544 7.339 7.888 7.619 7.602 7.267 7.537 7.811 7.621 7.927 7.878 7.779 8.003 7.223 7.567 7.352 7.4 6.743 7.554 7.756 7.347 7.6 7.659 7.257 7.585 7.421 7.522 6.19 7.78 7.112 7.746 7.625 7.518 7.394 7.731 7.774 7.56 7.403 7.499 7.777 7.503 6.012 7.738 7.705 8.083 7.21 7.495 7.395 7.053 7.602 7.707 7.319 7.144 7.589 7.146 7.616 7.462 8.06 6.639 7.521 7.307 7.805 7.421 7.734 7.972 7.14 8.094 7.405 7.661 7.412 6.781 7.543 6.584 7.251 7.569 7.51 7.609 7.908 7.35 7.6 7.337 7.457 7.194 7.431 7.644 6.807 7.542 6.907 3.024 7.561 7.344 7.733 7.909 7.376 7.326 7.484 7.435 7.444 7.597 7.784
2.777 7.116 7.856 8.207 7.112 7.681 7.728 8.012 7.644 7.739 7.844 7.915 7.657 7.989 7.643 7.897 7.716 7.493 8.061 8.09 8.112 8.066 7.15 8.384 8.018 7.855 7.799 7.36 7.204 7.799 7.666 7.623 7.796 7.491 7.878 7.45 7.645 8.157 7.834 7.401 7.499 8.185 7.846 6.753 7.922 7.719 7.374 8.12 8.059 7.627 7.619 7.803 7.638 7.255 7.8 7.759 7.658 6.686 7.488 7.063 7.36 7.605 7.143 8.133 7.775 7.74 7.959 7.232 7.361 6.909 7.823 7.651 7.831 7.702 7.426 7.542 8.028 7.491 7.638 7.337 8.033 7.291 7.51 7.859 7.606 6.663 8.027 7.406 2.684 7.926 7 7.635 7.761 6.89 7.395 7.698 7.857 8.004 7.844 7.047
2.91 7.203 8.143 7.736 7.539 7.561 7.857 7.59 7.319 7.39 7.845 7.901 7.971 7.509 7.666 7.822 7.481 7.609 8.022 7.757 7.96 7.611 8.177 7.967 7.503 7.281 7.875 7.898 7.332 7.921 8.082 7.594 8.19 7.94 8.093 8.165 7.495 7.694 7.494 7.8 7.664 7.143 7.768 7.183 7.515 7.744 7.519 7.969 7.888 7.43 7.609 7.263 7.045 7.841 7.735 7.459 7.09 7.642 7.739 8.05 7.985 8.142 7.618 8.104 5.619 7.825 7.316 7.771 8.094 7.388 7.65 7.057 7.986 8.086 7.869 7.781 7.328 7.122 7.657 7.462 7.441 7.47 7.386 7.822 7.585 7.931 7.7 7.683 2.787 8.07 7.929 6.998 7.779 7.965 7.456 7.673 7.74 7.22 7.361 8.075
2.913 7.972 7.236 7.34 7.813 7.727 7.295 7.941 7.584 6.857 6.936 7.383 7.647 7.949 7.866 7.545 7.437 7.288 8.389 8.444 7.821 6.958 6.906 7.57 7.556 7.138 8.166 7.698 8.092 7.916 7.673 6.956 7.975 8.032 7.441 8.157 7.434 8.246 7.741 7.431 8.276 7.651 6.746 6.993 7.789 6.946 7.724 7.957 8.037 8.275 7.851 8.042 7.931 7.913 7.555 8.109 7.59 7.217 7.843 7.904 7.379 7.778 7.634 7.991 8.008 7.342 8.227 8.154 7.336 7.515 8.004 7.992 7.908 7.646 7.331 7.324 7.814 7.417 7.957 8.037 7.68 8.042 7.651 8.262 7.655 7.54 7.646 7.758 2.84 7.98 7.287 7.074 8.253 7.705 7.906 7.986 7.747 7.925 7.549 7.623
3.062 7.832 7.555 7.94 8.082 8.203 7.366 7.789 8.106 7.992 7.66 7.943 7.58 8.158 7.569 8.175 8.426 7.681 8.289 8.251 8.043 7.061 7.997 7.456 8.221 8.023 8.095 7.977 8.006 7.487 7.642 7.856 8.156 6.725 7.467 7.829 7.693 7.822 7.645 7.395 7.842 7.899 7.655 7.983 7.817 8.048 8.193 7.806 7.059 8.075 8.054 8.118 7.631 8.479 7.592 7.134 7.915 7.504 8.269 8.196 7.791 7.741 7.502 7.457 7.105 6.73 8.262 7.853 7.658 7.668 7.548 7.872 7.012 7.82 7.685 8.11 8.401 6.642 7.764 7.303 6.84 7.857 7.243 8.308 7.738 7.951 7.875 7.696 2.762 7.964 8 7.632 7.3 7.431 8.255 7.882 7.695 7.762 8.269 7.584
3.197 7.675 7.893 7.981 8.033 7.514 7.562 8.026 7.876 7.736 8.061 8.088 7.659 7.888 7.571 7.821 8.11 7.948 6.786 7.42 8.211 8.236 8.163 7.799 8.048 8.188 6.982 8.28 7.495 7.789 7.36 7.654 7.912 7.612 6.925 7.86 7.691 7.011 7.858 7.925 7.948 7.906 7.974 7.911 8.019 7.333 7.133 7.751 7.776 6.826 7.579 7.748 7.638 7.489 7.444 8.3 7.715 8.093 7.334 7.807 7.987 7.575 7.735 8.06 7.756 7.997 7.86 7.936 7.644 8.033 7.686 8.337 8.031 7.779 8.139 8.034 8.101 7.771 7.989 7.987 7.145 7.112 7.021 7.824 8.095 7.591 7.588 7.492 2.513 8.183 8.154 8.136 5.937 7.809 8.261 6.949 7.925 7.877 7.437 7.914
2.868 7.753 7.924 7.358 7.615 6.863 8.109 7.215 7.393 7.694 7.339 7.596 7.527 7.515 8.005 7.77 7.723 7.406 7.54 7.365 7.568 7.576 7.343 8.026 7.479 7.295 6.002 7.444 7.929 7.811 7.974 7.688 7.886 7.452 7.309 7.421 7.489 7.368 6.732 7.743 7.901 8.014 7.57 7.408 7.073 7.502 7.518 7.954 7.553 7.483 7.293 7.675 8.076 7.744 6.744 7.539 7.213 7.462 6.842 7.761 7.581 7.068 7.352 7.816 7.769 7.491 7.607 7.4 7.346 7.837 7.601 7.327 7.177 7.528 7.581 7.613 7.38 7.049 8.216 7.567 7.229 7.321 7.399 7.906 7.026 7.18 7.334 7.397 3.103 7.789 5.956 7.732 7.618 7.018 7.836 7.77 7.74 7.185 7.845 7.044
2.698 7.496 7.345 7.689 6.842 7.25 7.612 7.613 7.721 7.006 7.397 7.497 7.506 7.315 6.231 7.447 6.622 7.449 7.113 7.284 7.438 8.041 7.513 7.559 7.994 7.581 7.696 7.835 7.835 7.308 7.534 7.919 7.82 7.54 6.677 7.717 7.745 7.573 7.614 7.97 8.133 7.368 7.522 7.19 8.032 7.145 7.76 7.274 7.969 7.449 7.67 7.22 7.451 7.279 6.804 7.72 7.312 7.782 7.493 7.66 7.055 7.559 7.36 7.712 7.479 7.433 7.308 7.566 7.66 7.507 7.638 7.932 7.519 7.951 7.823 7.847 7.525 7.553 6.96 7.264 7.327 8.059 7.769 7.604 7.57 7.704 7.692 8.056 2.52 7.468 7.755 7.179 7.567 7.549 7.16 7.665 6.904 8.047 7.196 7.731
2.896 7.544 8.272 7.825 7.72 8.141 7.695 7.762 8.229 8.285 8.229 8.173 7.804 7.109 7.428 8.104 7.693 7.04 7.963 7.509 7.463 7.817 8.081 7.482 7.59 7.64 7.439 8.131 8.135 7.671 7.913 7.943 8.17 8.52 8.172 8.041 8.452 8.328 7.669 8.398 8.339 8.547 8.033 7.919 8.034 7.702 7.835 7.555 8.572 7.82 7.591 7.497 7.992 8.167 8.021 8.053 8.201 8.159 7.704 8.162 7.985 7.757 8.439 8.346 7.929 8.392 8.163 8.041 7.912 8.201 8.198 7.825 7.707 8.113 8.315 7.761 7.833 7.904 7.433 7.844 7.707 7.806 7.97 7.453 7.898 8.22 7.563 8.289 3.02 8.325 8.541 8.137 8.071 7.521 7.918 7.102 8.26 7.496 8.175 8.293
2.916 8.136 7.22 8.094 8.132 8.279 8.088 8.369 8.439 8.258 8.094 7.623 8.095 8.442 7.604 7.812 8.213 7.993 8.259 8.195 8.464 8.028 8.429 7.121 8.644 7.591 8.26 8.151 8.198 8.409 8.049 8.518 8.411 8.312 8.359 8.13 8.1 7.982 8.372 7.474 7.873 8.149 8.58 7.966 7.859 8.617 8.175 8.47 8.438 8.339 8.192 8.627 8.426 7.542 8.347 7.726 8.009 8.504 7.649 7.817 7.437 7.564 8.066 7.507 8.444 8.443 8.349 7.652 7.013 8.444 8.295 8.316 8.172 8.302 8.091 8.124 7.851 8.31 8.127 8.289 8.913 7.942 7.077 8.325 8.006 8.005 8.539 7.507 2.783 7.38 7.785 7.854 6.921 7.839 7.355 7.761 8.338 8.105 8.734 8.201
2.881 7.377 7.159 8.206 7.587 6.865 8.101 7.997 6.989 7.925 7.27 7.862 7.324 7.231 8.08 7.584 7.038 6.333 7.489 7.815 7.442 7.463 7.964 7.256 7.405 7.1 7.243 7.939 7.432 7.383 7.642 7.998 7.655 6.87 7.873 7.796 7.739 7.334 7.62 7.57 6.822 7.721 8.002 7.376 7.55 7.851 7.972 7.371 7.754 7.53 7.792 8.223 7.117 7.698 7.687 7.74 7.518 7.764 6.61 7.881 7.495 7.65 7.99 7.798 7.807 7.507 7.615 7.58 7.516 7.393 6.889 7.566 7.864 7.454 8.136 7.625 7.61 7.732 7.785 7.679 7.688 7.744 8.016 7.974 7.44 7.374 7.343 8.088 3.052 7.397 7.367 7.819 7.575 7.472 6.398 7.634 7.062 7.804 7.669 7.569
3.026 7.403 7.936 8.245 6.806 7.758 8.099 8.271 7.965 7.678 7.319 7.832 7.415 7.952 7.972 8.193 7.994 7.787 7.39 7.9 8.06 8.053 7.791 7.43 7.902 8.407 7.473 8.075 8.041 7.999 7.549 7.892 7.55 8.526 7.983 7.422 8.405 7.996 8.05 7.845 7.463 7.659 7.867 8.587 7.613 8.295 8.145 8.206 7.503 8.335 7.881 7.335 7.912 7.93 8.063 7.822 7.351 7.597 7.717 8.235 7.75 7.878 7.493 7.618 7.737 6.839 8.274 7.441 7.534 8.009 8.022 7.653 6.808 8.242 7.966 7.886 7.348 8.071 8.018 8.166 8.005 8.005 7.825 6.891 8.544 7.668 7.613 7.969 2.829 7.703 7.817 8.075 7.77 7.891 7.831 7.709 7.609 7.638 7.827 7.511
3.093 7.818 7.716 7.489 7.377 7.839 7.448 7.725 7.737 7.996 7.657 7.937 7.882 7.381 8.01 8.036 7.663 7.24 7.973 7.628 7.349 7.067 8.07 7.094 7.495 7.388 7.64 7.517 7.068 7.942 7.665 7.588 7.929 7.836 7.331 8 7.422 7.307 7.793 8.003 7.719 7.689 7.023 8.024 7.72 7.569 7.839 7.423 7.79 7.997 7.499 7.598 7.749 6.967 6.111 7.604 7.385 7.869 7.001 7.025 7.279 7.551 6.888 7.995 8.168 7.701 6.926 7.264 7.603 7.922 7.223 7.857 7.715 7.341 7.202 7.516 8.003 7.426 7.529 7.423 7.353 7.181 7.166 7.175 7.515 8.289 7.476 6.034 2.925 7.631 7.36 7.146 7.509 7.681 7.911 7.726 8.107 7.731 8.29 7.488
2.777 7.64 8.163 7.918 7.804 7.498 7.773 7.066 7.69 7.131 7.742 7.101 7.12 7.938 7.284 7.587 7.371 7.71 7.728 7.753 7.681 7.873 7.817 7.676 7.752 7.687 7.538 7.879 7.854 5.049 7.906 7.319 7.915 7.165 7.586 7.993 7.298 8.121 7.239 8.101 7.95 8.12 7.843 8.057 7.976 8.02 7.589 7.843 7.527 7.768 7.633 7.421 7.455 7.352 8.108 7.892 7.903 8.076 7.718 7.562 7.359 7.935 7.512 7.407 7.419 7.721 7.29 7.395 7.647 7.753 7.772 7.797 8.045 7.764 7.615 7.446 7.558 7.832 7.184 8.3 8.097 7.745 7.288 7.669 8.084 7.797 8.05 8.156 2.711 7.542 8.294 7.795 7.39 7.885 8.146 7.31 8.045 8.012 6.815 7.874
3.011 7.902 7.597 7.634 7.864 8.141 7.469 7.321 7.853 7.924 7.634 7.891 7.821 8.097 7.409 8.022 7.601 7.227 7.861 7.635 8.13 7.69 7.873 7.873 7.811 7.536 7.783 7.509 6.953 7.727 6.869 7.584 7.605 7.818 7.571 7.038 7.921 7.315 7.45 8.031 6.636 7.975 7.53 6.872 7.632 7.411 6.932 8.173 7.988 7.641 7.764 7.477 7.602 7.403 8.122 7.861 7.668 7.209 7.16 7.463 7.516 7.924 8.021 7.842 7.169 6.506 7.21 7.503 7.023 7.754 7.142 7.974 7.431 7.849 6.912 7.723 7.138 6.659 7.576 7.623 7.702 7.938 7.264 7.496 7.282 7.422 7.349 7.434 2.876 7.969 7.69 7.316 7.645 7.564 7.55 7.886 7.898 7.819 7.731 7.59
3.071 7.104 7.692 7.983 7.143 7.265 7.715 7.852 6.856 7.078 7.317 6.924 7.015 7.664 7.377 7.881 7.771 7.169 7.676 7.768 6.551 7.561 7.664 7.641 6.993 7.57 7.885 8.153 7.565 7.269 7.891 7.757 7.68 6.776 7.763 8.21 7.598 7.191 7.978 7.735 7.934 7.835 7.395 7.337 8.073 7.94 7.901 7.717 7.985 7.994 7.527 7.554 7.554 7.325 7.702 7.645 7.68 7.438 7.013 7.543 7.944 7.691 7.86 6.696 7.689 7.132 7.281 7.015 6.962 7.598 7.752 6.906 7.906 7.557 7.562 8.048 8.264 7.567 7.754 7.224 7.629 7.982 7.788 7.617 7.823 7.25 7.891 7.303 2.914 7.269 7.89 7.632 8.015 7.912 7.871 7.827 8.026 8.005 7.493 7.62
3.003 7.711 7.628 6.108 7.976 6.884 7.236 7.739 6.992 8.039 7.294 8.091 7.701 7.803 7.321 7.718 7.329 6.999 7.778 7.849 7.339 7.693 7.67 7.904 7.58 7.754 7.541 6.707 8.061 7.82 7.743 7.651 7.556 7.826 7.672 7.5 7.809 7.754 7.737 7.838 7.461 7.956 7.959 7.417 8.022 7.62 7.827 7.596 7.763 7.638 7.37 7.807 7.002 7.695 8.107 8.078 7.471 7.214 7.553 6.658 8.283 7.234 8.031 7.551 7.344 7.919 7.012 7.259 7.292 7.558 7.721 7.582 7.942 8.061 7.153 7.742 7.908 8.03 7.639 7.993 7.463 7.349 7.152 7.889 7.553 8.228 7.044 7.383 2.883 7.645 7.71 8.13 7.529 8.178 7.531 7.901 7.01 7.924 7.5 7.729
2.832 8.077 7.649 7.5 7.82 7.887 7.464 8.12 7.359 7.351 7.412 7.402 8.387 8.251 8.063 8.06 6.755 7.252 7.409 7.616 7.454 8.097 7.521 7.607 7.559 7.568 7.601 7.283 7.578 7.756 7.658 7.567 7.998 7.919 7.989 7.203 7.683 7.751 7.636 7.96 7.945 7.634 7.28 7.656 7.901 7.984 7.967 8.135 8.129 8.039 7.685 7.557 8.245 7.318 7.961 7.415 7.711 8.123 6.234 7.375 7.661 7.303 7.925 7.232 8.007 8.086 6.736 8.13 7.294 7.414 7.793 7.962 6.965 8.302 7.908 7.802 7.109 7.877 7.746 7.966 7.609 7.895 7.583 7.564 7.201 7.81 7.551 7.342 2.705 7.813 7.087 7.715 7.884 8.188 7.232 8.136 7.419 7.659 7.555 7.872
2.91 7.507 7.779 8.492 8.017 8.048 8.083 8.117 8.117 7.614 8.204 7.758 7.427 7.924 7.59 7.893 7.858 7.774 7.679 8.106 7.257 8.014 8.207 7.462 8.184 7.948 7.875 8.184 8.227 7.826 8.085 8.279 8.076 8.309 8.03 7.929 8.341 8.44 8.096 8.279 8.043 8.041 8.227 8.009 8.175 7.532 8.258 7.245 8.437 7.967 7.706 8.045 7.947 8.113 8.008 7.466 8.148 7.595 8.248 7.906 7.541 7.932 8.081 7.58 8.284 6.918 7.715 7.621 8.419 7.733 8.277 7.94 8.243 8.539 7.559 7.336 7.937 7.967 7.348 7.7 7.297 8.386 8.018 7.415 7.716 8.239 7.786 7.769 2.785 7.563 7.683 8.149 7.932 7.199 8.293 8.164 6.673 6.833 8.185 7.954
2.982 7.762 6.688 7.454 7.18 7.967 7.3 7.73 8.247 7.608 7.939 8.075 8.242 8.008 8.632 6.757 7.738 7.732 7.832 7.559 7.9 7.471 7.576 8.042 7.569 7.145 7.506 8.023 7.807 7.511 7.803 7.637 6.868 7.839 7.995 7.71 6.476 7.635 8.019 8.115 7.645 8.214 7.38 8.089 8.034 8.126 7.816 7.832 6.743 7.947 7.693 7.564 7.451 7.173 8.121 7.546 7.552 7.579 7.928 6.862 7.521 7.595 7.084 7.641 7.993 7.918 8.002 8.212 7.968 7.593 8.116 8.126 7.892 7.76 8.14 6.883 7.983 7.625 7.55 7.449 8.248 7.512 7.824 7.879 8.018 7.367 8.107 8.16 2.537 7.556 7.622 7.556 6.825 7.893 7.554 7.711 7.474 7.702 7.777 7.071
2.891 8.077 7.995 7.415 8.216 7.939 7.848 7.83 8.439 7.815 7.901 7.44 7.719 7.913 7.591 8.109 8.133 7.298 7.522 7.425 7.66 7.955 8.278 6.627 8.167 7.574 7.92 7.99 7.988 7.437 7.559 7.944 8.073 7.007 8.212 7.93 7.998 7.618 8.184 8.082 7.76 7.792 7.262 7.906 7.748 7.901 6.658 6.849 8.075 7.972 8.245 8.022 8.357 8.016 8.271 7.322 8.072 8.338 7.324 7.991 8.515 7.91 7.58 7.904 8.17 7.94 8.041 8.285 8.135 7.601 8.134 8.121 8.149 7.883 7.462 7.432 7.838 8.118 7.365 7.85 8.216 7.806 8.121 7.271 8.092 7.815 7.963 7.538 2.699 7.632 7.643 8.058 7.439 7.61 8.253 7.834 7.627 7.384 7.623 8.005
2.598 7.651 8.057 7.541 6.807 8.18 7.156 7.423 7.476 7.658 7.711 7.077 6.998 7.648 7.727 7.62 7.74 7.928 7.279 7.333 7.299 7.644 7.625 8.228 7.858 7.445 7.636 8.005 8.322 7.827 7.874 7.828 7.667 7.767 7.623 8.536 7.537 7.941 7.979 7.294 7.87 8.172 7.423 8.009 7.775 8.046 8.104 7.065 7.194 7.801 7.964 7.108 7.719 7.771 7.524 7.655 7.864 7.774 7.936 7.584 8.004 7.68 7.708 7.673 7.908 7.944 7.837 7.619 7.951 6.625 8.314 8.117 8.286 7.95 7.298 8.296 7.372 8.254 7.102 7.628 7.982 8.073 7.598 7.759 7.924 8.157 7.927 8.005 2.71 7.947 7.893 7.93 7.646 7.617 7.233 7.389 7.897 7.664 8.129 7.711
2.852 7.53 7.651 7.35 7.657 7.532 5.835 7.657 7.439 7.43 7.321 6.559 7.276 7.344 7.476 7.85 7.473 7.343 7.724 7.875 7.567 7.689 7.915 7.089 7.819 7.149 7.3 6.976 7.585 7.795 7.118 7.122 7.887 7.415 7.526 7.234 7.107 7.569 7.805 7.617 6.903 7.391 7.454 7.263 7.13 7.174 7.608 7.421 7.754 7.685 7.067 7.462 7.662 6.815 7.848 8.006 7.054 7.662 7.29 7.49 7.81 7.85 7.191 7.583 7.586 6.194 7.964 7.244 7.2 7.649 7.687 7.519 7.628 7.485 7.755 7.458 7.438 7.887 7.496 7.043 7.501 7.34 7.244 7.713 7.046 7.348 7.728 7.13 3.001 7.404 7.33 7.482 7.199 7.002 7.508 7.529 7.342 6.647 7.451 7.293
3.036 8.005 7.235 7.657 8.101 6.938 7.983 7.706 7.958 8.335 7.725 7.861 7.995 7.642 8.263 7.067 8.121 7.879 7.767 7.876 7.455 7.868 7.535 8.098 8.029 8.045 7.202 8 8.188 8.1 7.501 7.434 7.411 8.164 7.482 7.97 7.919 8.595 7.582 7.476 7.924 8.567 7.017 7.961 8.307 7.81 8.137 7.849 8.172 8.354 7.481 8.021 7.991 8.122 7.988 8.808 8.086 8.309 8.024 8.244 7.734 8.132 8.221 7.988 7.06 7.949 8.174 7.839 7.853 7.945 8.1 8.481 8.174 7.819 8.352 8.198 8.056 8.46 7.393 7.963 8.409 7.677 7.444 8.149 7.851 7.987 8.257 8.305 2.623 8.213 8.206 7.931 8.07 8.166 8.048 7.717 7.392 8.174 7.928 7.876
2.758 7.03 7.557 8.019 7.464 7.588 7.873 7.189 7.784 7.834 6.968 7.726 7.96 7.631 8.252 7.323 7.856 7.755 7.587 7.672 7.997 7.813 7.813 7.509 7.954 6.56 7.865 7.715 8.26 7.267 7.694 7.595 7.949 7.208 8.442 7.869 7.48 8.137 7.311 7.841 7.862 7.927 7.851 7.92 7.954 7.752 7.244 7.668 6.743 8.197 7.764 7.126 7.732 7.982 7.281 7.921 7.924 7.814 7.76 7.431 7.206 8.11 7.36 8.436 7.893 7.634 7.707 7.751 7.687 8.129 8.304 8.341 7.705 8.532 7.744 7.592 7.759 8.104 7.469 7.738 8.012 8.276 7.79 7.759 8.015 7.416 7.91 8.119 2.284 7.955 7.191 8.04 7.704 7.915 8.087 7.773 7.675 6.957 7.885 7.744
3.005 7.602 7.347 7.69 7.119 7.185 7.503 7.666 7.925 7.366 7.463 7.625 7.398 7.64 7.699 7.776 7.338 7.879 7.109 7.558 7.545 7.748 7.533 7.108 7.686 7.776 7.641 7.605 5.585 7.918 7.274 8.024 7.222 7.723 7.662 7.631 7.904 7.812 7.87 7.698 7.758 7.585 7.552 8.065 7.36 7.241 6.644 6.9 7.764 7.669 8.093 7.301 7.148 7.333 7.186 7.689 7.395 7.001 7.568 7.093 7.726 7.348 6.53 7.766 7.468 7.516 7.788 7.769 7.6 6.748 7.802 8.019 7.796 7.376 7.862 7.883 7.082 7.992 7.591 7.767 7.62 7.561 8.095 7.334 6.797 7.824 7.731 7.174 2.823 7.721 7.78 7.521 7.753 7.864 7.409 7.544 7.292 7.603 7.074 7.504
2.795 6.945 7.701 7.702 7.749 6.439 7.461 8.217 7.883 7.696 7.385 7.689 7.309 7.654 7.66 7.658 7.667 7.505 6.577 7.506 7.938 7.827 7.353 7.987 7.962 8.082 8.013 6.981 7.276 7.684 7.566 7.484 7.719 7.432 8.153 7.995 7.197 7.276 7.912 7.647 8.237 7.902 7.239 7.657 8.037 8.031 7.477 8.137 8.148 7.581 7.624 7.546 8.142 7.864 7.666 7.087 7.386 7.845 7.468 7.285 7.661 7.37 7.714 7.755 7.756 7.505 7.81 7.313 7.087 6.771 6.755 7.913 7.447 7.863 7.898 7.517 7.637 7.745 7.624 7.291 7.678 7.726 7.941 8.156 8.014 7.861 7.201 7.602 2.889 7.751 8.015 8.171 7.628 7.77 8.061 7.741 7.507 7.546 7.001 7.987
2.456 8.064 7.895 8.198 8.176 8.368 7.464 7.869 7.702 8.043 8.298 8.031 7.469 8.12 7.905 7.463 7.775 8.285 7.336 8.293 7.505 7.303 7.768 8.047 7.541 7.749 8.185 7.67 7.876 8.047 6.838 8.247 7.039 7.905 7.049 7.781 7.495 8.019 7.654 7.774 8.071 7.383 8.32 7.91 7.625 7.403 7.345 8.208 8.052 7.685 8.086 7.019 7.282 7.245 7.981 8.145 7.759 8.21 8.129 7.707 7.974 8.041 8.07 7.715 7.65 7.663 6.975 8.471 7.571 7.777 7.984 7.955 7.775 7.576 8.311 7.837 8.37 5.939 7.755 7.652 7.867 7.87 8.282 7.348 6.51 7.419 7.66 7.589 2.844 8.334 8.148 8.138 7.967 7.869 7.796 8.166 7.698 8.234 8.223 7.907
3.073 7.579 7.994 7.918 7.955 7.318 8.14 7.33 7.624 7.585 7.902 7.722 7.403 7.339 7.37 8.161 7.825 7.92 7.648 7.726 7.591 7.693 6.618 7.821 7.927 7.643 7.801 7.086 7.789 7.013 7.388 7.631 7.8 7.452 7.753 7.124 7.503 7.384 7.606 7.67 7.622 7.551 8.013 7.113 7.989 7.727 7.284 7.814 8.272 7.559 7.945 7.89 7.517 7.725 7.457 7.406 7.27 6.845 7.314 7.595 6.634 7.312 7.54 7.84 7.814 7.182 7.497 7.941 7.537 7.646 7.118 7.794 7.74 7.504 6.917 7.975 7.098 7.73 7.607 7.443 7.289 7.98 8.113 7.803 7.507 7.379 7.877 8.126 3.051 7.427 7.309 8.001 7.53 7.979 7.868 7.925 7.966 7.526 7.677 7.645
2.691 7.713 7.931 7.382 7.272 7.417 7.609 7.895 7.925 7.448 7.834 7.783 8.018 7.41 8.15 7.941 7.583 7.789 7.142 8.143 7.399 7.645 7.611 7.899 7.339 7.469 7.558 7.951 7.875 7.771 6.994 8.556 7.697 7.669 7.808 8.07 7.274 7.457 7.797 8.138 7.712 7.644 7.734 7.694 7.556 7.892 7.632 7.703 7.506 7.729 7.472 7.89 7.837 6.958 7.909 7.629 7.634 7.359 7.685 7.944 7.724 7.909 7.637 7.23 6.465 7.07 7.954 8.183 8.168 7.607 7.493 8.263 7.626 7.856 8.052 8.138 7.248 7.506 7.613 7.898 7.925 7.778 7.892 7.393 7.215 7.284 7.785 7.93 2.632 6.984 8.536 7.836 8.242 7.42 7.904 8.042 7.613 7.821 7.826 7.359
2.627 7.683 7.478 7.704 8.044 7.623 8.121 7.803 7.326 7.988 7.185 7.951 7.139 8.029 7.589 7.708 7.788 7.733 7.128 7.816 7.648 7.243 7.112 7.317 7.799 7.626 7.53 7.265 7.935 7.682 7.449 8.378 8.092 7.104 7.6 7.328 7.585 7.48 8.032 7.662 7.794 7.878 7.78 7.913 7.764 7.056 7.381 7.684 7.241 7.993 7.82 7.449 7.553 7.165 7.851 7.592 7.539 8.085 7.487 7.915 7.852 6.817 7.473 8.107 7.464 7.805 8.033 7.999 7.751 7.338 7.742 7.974 7.235 7.734 6.774 8.19 7.869 7.772 7.578 7.726 7.818 7.935 7.72 7.509 7.708 7.887 8.1 8.016 2.569 7.587 7.046 7.898 7.344 7.289 8.194 7.962 8.189 7.757 8.025 8.068
2.802 7.719 7.689 7.639 7.739 7.978 7.875 8.059 7.269 7.476 7.911 6.894 6.436 7.957 7.849 7.9 7.73 6.937 7.605 6.958 7.588 8.03 7.787 7.727 7.351 7.699 7.396 7.725 8.107 7.957 7.215 7.489 8.451 8.109 7.784 8.138 7.741 8.321 7.725 7.855 8.054 7.964 7.404 7.762 7.763 8.562 6.615 6.614 7.855 7.901 7.752 8.004 7.999 7.815 7.913 8.188 7.787 7.772 7.02 8.1 7.959 7.797 8.24 7.857 7.698 7.778 7.683 8.037 7.947 7.894 7.802 7.314 7.811 7.987 7.346 7.331 7.899 8.096 7.916 8.082 7.425 7.461 7.895 8.052 7.484 6.862 8.005 8.201 2.939 7.193 6.81 7.696 8.507 7.534 7.431 8.181 8.228 7.983 7.293 7.532
2.992 8.119 7.412 7.961 7.181 8.042 7.928 6.394 7.232 7.564 7.899 7.346 7.525 7.611 7.218 7.534 7.006 7.563 7.41 7.934 7.933 7.826 8.081 7.732 8.047 7.838 7.462 7.856 8.163 8.059 7.845 8.205 6.707 7.674 7.959 7.79 7.556 7.277 8.065 7.742 7.797 7.822 7.406 8.174 8.064 7.849 8.021 7.129 7.869 8.443 8.276 7.331 8.255 7.822 7.774 6.982 7.445 8.061 6.785 7.661 7.703 7.569 7.228 7.907 7.833 7.673 7.393 7.863 7.851 7.884 7.621 8.066 7.816 8.141 7.881 8.062 7.78 8.269 7.995 8.028 7.856 8.052 7.243 8.304 7.787 7.934 8.054 7.762 3.012 7.871 7.421 8.296 8.088 7.434 8.022 7.625 8.246 7.936 7.066 7.793
2.587 8.026 7.269 8.037 7.391 6.731 7.289 7.241 7.351 7.667 7.78 7.95 7.614 7.281 7.318 8.175 7.246 7.945 7.505 7.997 7.261 7.326 6.729 7.138 7.947 7.776 7.37 7.542 7.631 6.514 7.52 7.873 7.903 7.603 7.246 7.394 7.823 7.379 7.697 7.911 6.594 7.434 8.265 7.768 7.665 7.38 7.685 7.422 7.851 7.793 7.71 6.894 7.482 7.643 7.516 7.65 7.936 7.689 8.042 8 7.464 7.102 7.682 7.858 7.506 7.565 6.428 6.965 7.063 7.437 7.617 7.473 7.592 7.919 7.923 7.983 6.84 7.688 7.923 7.295 7.692 7.543 7.916 7.727 7.77 6.944 7.435 7.925 2.955 7.411 7.528 7.369 8.341 7.99 7.574 7.053 7.628 7.874 8.318 6.644
2.452 8.32 7.934 7.477 7.67 7.89 7.733 7.707 7.618 8.07 7.95 7.778 7.852 7.993 7.889 6.995 7.398 8.057 7.945 7.491 7.838 7.888 8.142 7.615 7.898 7.57 8.425 7.231 7.485 7.769 8.435 7.812 8.064 7.991 7.977 7.622 8.49 7.79 7.753 8.165 8.166 8.141 8.204 8.076 7.61 7.745 8.196 7.997 7.518 7.888 8.073 8.213 7.623 7.885 8.416 7.751 7.787 8.268 8.064 7.974 7.806 7.925 8.459 7.627 7.272 7.624 7.615 7.423 8.106 8.396 7.41 7.452 8.277 8.341 7.967 8.316 8.191 7.541 7.788 8.239 6.904 8.077 8.172 8.27 7.333 8.316 7.502 8.342 2.566 8.304 8.037 8.309 8.137 7.044 8.022 7.856 7.905 7.923 7.576 7.717
3.242 7.417 7.323 7.721 7.755 7.349 7.504 7.492 7.619 7.494 7.379 7.114 6.95 7.322 7.377 7.399 7.898 7.785 7.226 7.845 7.609 7.465 7.567 7.603 6.402 7.567 7.442 7.978 6.941 7.119 7.054 7.689 6.674 7.016 8.007 7.733 7.157 6.609 7.724 7.369 7.745 6.743 7.004 7.418 7.293 7.533 7.707 7.536 7.187 7.661 7.661 7.504 7.458 7.616 7.249 7.171 7.398 7.174 7.899 7.52 7.643 6.726 7.175 7.781 7.634 7.444 7.343 7.448 7.641 7.977 7.536 7.511 6.766 7.572 7.761 7.733 7.534 7.215 6.746 7.83 6.757 7.737 7.479 7.464 7.628 7.238 7.763 7.355 3.11 7.027 7.326 7.598 5.945 7.85 7.378 7.587 6.373 7.057 6.994 6.54
