V2 V3 V4 V5 V6 V7 V8 V9 V10 V11 V12 V13 V14 V15 V16 V17 V18 V19 V20 V21 V22 V23 V24 V25 V26 V27 V28 V29 V30 V31 V32 V33 V34 V35 V36 V37 V38 V39 V40 V41 V42 V43 V44 V45 V46 V47 V48 V49 V50 V51 V52 V53 V54 V55 V56 V57 V58 V59 V60 V61 V62 V63 V64 V65 V66 V67 V68 V69 V70 V71 V72 V73 V74 V75 V76 V77 V78 V79 V80 V81 V82 V83 V84 V85 V86 V87 V88 V89 V90 V91 V92 V93 V94 V95 V96 V97 V98 V99 V100 V101
2.568 8.029 7.859 8.397 7.704 7.61 8.613 8.418 8.368 8.269 7.474 7.639 8.102 7.745 8.201 7.744 7.809 8.743 8.388 7.513 7.932 7.81 8.412 7.806 8.437 7.104 8.058 7.569 8.081 7.794 7.291 7.932 8.398 6.516 8.329 7.973 7.995 8.285 8.203 7.826 7.529 7.939 7.835 6.728 8.006 7.999 8.353 8.077 7.992 8.07 8.014 7.523 7.462 7.72 7.129 8.334 8.615 8.75 7.708 8.032 8.19 8.26 7.934 8.285 8.22 7.803 8.322 7.967 7.755 7.717 8.204 8.437 8.137 7.604 8.513 8.14 8.102 7.758 7.811 8.007 8.779 8.041 8.031 7.861 8.594 8.113 8.049 7.787 2.259 7.963 8.012 8.023 8.05 8.031 7.713 8.229 7.942 7.962 8.289 7.955
2.182 8.137 7.639 7.442 8.114 8.263 7.789 8.089 8.004 7.918 7.518 7.639 8.251 7.344 7.119 7.835 8.146 8.016 7.776 7.059 7.978 8.267 8.098 8.396 7.619 7.975 8.26 8.264 8.318 6.92 8.468 8.046 8.001 7.605 8.301 8.205 7.798 7.924 7.617 7.901 7.521 8.206 8.603 7.498 7.493 8.366 7.698 8.3 7.988 7.966 7.784 8.176 7.34 7.736 7.728 6.926 7.731 6.915 7.926 7.386 8.181 7.751 8.108 8.43 8.265 8.304 8.152 8.206 7.868 7.969 8.038 7.995 7.054 8.175 8.025 8.478 7.638 8.141 7.995 7.616 8.063 8.178 8.154 8.223 7.551 8.183 7.922 8.039 2.514 7.643 7.967 8.285 7.801 7.912 7.689 8.137 7.835 8.05 8.172 7.777
2.744 7.213 7.801 7.963 7.708 8.2 8.246 8.417 8.304 8.613 8.058 8.089 7.307 7.613 7.821 7.766 8.173 8.351 7.154 7.627 7.628 7.501 8.079 7.759 8.292 7.99 7.691 8.273 7.737 7.776 8.244 8.256 7.824 7.921 8.3 8.136 8.78 7.955 7.235 7.957 7.609 7.983 7.734 8.158 7.458 7.607 7.958 6.559 7.925 7.39 7.88 8.15 7.938 7.073 8.2 7.964 8.012 7.899 7.97 7.088 8.192 7.836 7.77 8.268 7.993 8.078 7.813 7.902 8.145 6.359 8.001 7.931 7.727 7.84 8.231 7.785 8.467 7.985 8.055 8.207 7.07 7.466 7.838 8.247 7.518 8.097 8.035 8.554 2.622 7.344 7.744 7.849 8.056 7.729 8.432 7.834 7.962 8.15 8.434 7.845
2.38 8.043 6.378 7.841 8.15 7.773 7.734 8.208 7.414 8.426 7.92 8.172 7.996 8.323 7.554 7.904 7.876 7.398 7.519 7.886 7.999 7.982 8.327 7.984 7.508 8.172 7.431 8.013 7.919 8.197 7.765 7.751 7.715 7.909 7.846 7.778 7.436 7.9 7.813 7.768 7.87 7.676 7.645 6.794 8.141 8.063 7.841 8.492 7.706 7.712 7.579 7.772 7.319 7.771 7.659 7.815 7.561 7.306 7.8 8.106 7.677 6.825 7.759 7.274 7.967 8.053 8.017 7.878 7.826 8.402 7.968 8.224 7.887 7.913 8.038 7.316 8.015 7.44 7.809 7.861 7.963 7.966 7.482 8.061 7.717 7.135 7.394 7.343 2.221 7.793 7.477 7.855 7.977 8.329 8.031 7.91 7.85 7.891 7.814 7.965
2.383 8.68 8.378 8.11 8.246 8.201 8.268 7.988 7.702 8.066 7.78 7.863 7.918 7.778 8.443 8.236 8.17 8.093 8.378 7.864 8.063 8.425 7.864 6.438 8.093 7.985 8.147 7.854 8.019 8.566 8.287 8.023 8.351 7.684 8.329 8.033 7.984 8.412 8.056 8.09 7.817 8.387 7.41 7.883 7.926 7.762 8.142 7.747 8.521 6.967 8.073 8.448 8.016 7.336 7.791 7.969 7.642 8.383 7.783 8.172 7.947 8.167 8.057 8.637 8.598 6.772 8.084 8.32 8.436 8.519 8.258 7.464 8.019 8.342 8.314 7.902 8.363 8.354 8.452 7.76 7.972 7.936 8.353 8.023 7.916 7.838 8.664 8.362 1.84 7.771 8.478 7.75 8.22 8.465 7.772 8.279 8.062 8.564 8.011 8.172
2.058 7.185 7.884 8.056 7.823 7.836 7.939 7.99 7.285 7.737 6.63 7.12 7.73 8.176 7.499 8.096 7.538 7.923 8.048 8.068 7.878 7.789 7.854 7.427 7.863 7.251 7.976 7.975 7.916 7.411 7.741 7.569 8.216 7.882 7.694 7.955 7.815 7.303 6.886 7.849 7.684 7.839 7.377 7.361 7.631 7.497 7.867 7.874 7.919 7.497 7.334 8.027 7.838 8.09 7.65 7.51 7.528 7.712 7.677 8.353 7.341 7.271 8.221 8.093 7.61 8.085 7.637 8.001 8.023 7.57 8.198 7.502 7.418 7.63 7.512 7.326 8.02 7.407 7.768 7.543 7.322 7.889 7.778 7.451 7.897 8.102 7.766 7.771 2.49 7.58 7.475 7.672 8.159 7.504 7.731 8.011 7.55 7.645 7.096 7.227
2.574 7.336 7.584 7.733 8.132 7.423 7.026 8.122 7.814 7.298 7.895 7.674 7.79 8.175 7.224 8.035 7.155 8.007 7.601 7.929 8.132 7.949 7.83 7.858 8.109 7.845 7.627 7.66 7.886 7.934 7.783 8.15 7.561 7.816 7.162 7.266 7.753 7.634 7.496 7.199 7.513 6.726 7.78 8.091 8.315 7.814 7.589 7.464 8.13 8.348 7.554 7.748 8.011 7.073 7.736 7.584 8.169 7.765 7.898 8.148 7.926 7.71 7.967 7.553 7.791 7.729 8.054 7.499 7.376 7.212 7.567 7.704 7.229 7.882 8.249 7.305 7.948 8.111 8.254 8.227 8.084 7.399 8.078 7.486 8.398 7.89 7.49 8.11 2.548 7.947 8.242 8.07 7.698 7.028 7.786 7.292 7.675 7.713 7.682 7.978
2.517 7.363 7.65 7.417 7.464 8.057 7.589 6.155 7.615 6.981 7.988 7.841 7.406 7.844 7.907 7.961 7.507 7.664 7.481 7.798 7.848 7.43 7.327 7.347 7.779 7.413 6.624 7.366 7.801 7.458 7.535 7.608 7.083 7.405 7.486 7.325 7.342 7.614 8.031 7.828 7.303 7.604 7.361 7.81 7.633 8.258 7.735 7.853 7.677 7.554 6.952 7.554 7.191 7.574 7.435 7.875 7.414 7.857 8.006 7.864 7.689 7.405 7.758 7.09 7.049 8.028 7.435 7.74 7.44 7.615 7.276 7.346 7.771 7.645 7.397 7.167 7.349 7.164 7.122 7.496 7.127 7.634 6.453 7.612 7.878 6.307 7.706 7.443 2.524 7.051 7.593 7.502 7.582 7.13 7.577 7.164 7.944 7.606 7.619 7.917
2.429 7.868 7.643 7.625 7.574 7.995 7.603 7.674 7.465 7.985 7.387 8.167 8.02 8.366 7.865 7.427 8.338 7.292 8.239 8.268 7.965 7.904 7.399 7.25 8.472 7.6 8.309 7.844 7.918 7.621 8.157 7.632 7.347 8.338 8.158 7.945 7.755 7.623 7.8 7.788 7.456 7.532 7.16 8.25 8.201 7.845 8.455 7.879 7.894 7.828 7.76 8.33 8.237 8.313 7.685 7.814 8.196 7.994 7.858 8.003 7.424 7.902 8.04 7.721 7.471 8.212 7.622 7.772 7.463 7.59 8.264 8.008 8.218 7.887 7.622 7.434 7.464 7.31 8.04 8.102 8.444 7.68 8.241 8.034 7.632 8.076 8.211 7.748 2.072 7.616 8.58 8.157 7.72 7.938 7.945 8.271 7.24 8.181 7.568 8.411
2.399 7.911 6.873 8.064 7.751 8.287 7.384 7.904 7.859 6.913 8.162 7.786 8.567 7.48 7.617 8.366 7.993 7.197 6.683 7.719 8.286 8.363 7.676 8.034 8.04 8.299 7.32 7.682 7.421 8.131 7.877 7.839 7.788 8.1 7.554 8.022 8.006 8.246 8.287 8.063 7.901 7.26 8.182 8.038 7.819 7.524 8.233 7.895 8.197 8.206 7.633 7.828 8.001 7.914 8.369 7.731 7.673 7.8 8.086 7.814 7.865 7.944 8.023 8.267 7.319 7.098 8.461 7.86 8.044 8.4 7.377 6.928 7.717 7.835 8.406 6.972 7.791 8.046 8.285 8.088 7.866 8.171 7.669 7.843 7.53 7.892 7.906 7.877 2.332 8 7.481 8.037 7.56 8.114 8.003 7.955 8.185 8.119 7.822 7.897
2.611 8.283 8.183 8.278 7.326 7.812 8.012 8.232 7.321 8 7.797 7.837 8.226 7.712 8.183 7.733 7.463 7.492 7.827 6.834 8.344 6.896 8.018 8.087 7.523 7.646 7.978 8.199 7.813 8.146 7.917 7.421 7.863 8.322 7.737 8.298 7.738 7.764 6.424 7.717 7.313 7.689 7.888 8.153 8.041 7.793 8.226 8.109 7.787 7.703 8.16 7.323 7.972 8.057 7.916 7.886 7.944 7.971 8.338 8.034 7.903 7.894 8.028 8.112 8.024 8.183 8.168 8.034 7.489 8.268 8.157 8.347 8.115 7.315 7.883 7.834 7.764 8.163 8.573 6.916 7.45 7.923 8.052 8.043 7.922 6.152 8.28 7.561 2.138 8.169 7.503 8.326 8.35 7.902 7.892 8.045 7.981 7.442 7.433 7.854
2.597 5.506 8.066 8.399 7.786 6.976 8.354 7.949 6.848 8.182 8.094 8.013 7.685 7.136 7.115 7.816 7.685 7.899 7.787 7.925 7.634 7.921 8.147 7.206 8.11 8.085 7.688 7.341 8.006 6.947 8.135 7.5 7.559 8.274 7.468 7.799 7.122 7.045 7.317 7.857 7.732 7.462 8.108 7.855 7.91 7.115 8.169 8.094 7.9 7.665 7.833 7.688 7.665 7.93 7.823 8.059 7.594 8.31 7.921 7.288 7.449 8 7.643 7.898 7.956 7.607 8.036 7.671 8.255 8.17 7.616 7.708 7.913 7.796 7.429 7.609 7.524 8.024 7.38 8.267 7.754 6.991 7.918 8.173 6.877 8.322 8.117 8.263 2.55 7.969 8.332 7.827 7.934 8.137 8.171 7.563 7.854 7.642 7.548 8.087
2.488 8.059 7.62 8.039 7.825 7.929 7.697 7.616 8.034 7.689 7.784 8.46 8.181 6.817 8.235 8.027 8.205 7.825 6.592 6.782 7.137 7.952 8.052 8.008 7.893 8.361 8.309 8.02 7.794 8.08 8.397 7.321 7.572 6.966 7.882 7.801 8.203 8.115 8.221 7.565 7.681 7.939 8.076 7.53 7.363 8.16 8.364 7.739 7.822 8.273 7.126 8.403 8.23 8.115 8.013 7.951 7.44 7.877 8.074 8.17 8.454 8.034 7.715 7.706 7.403 7.91 8.296 7.725 6.907 7.692 7.713 7.556 8.072 7.853 8.391 8.27 7.962 8.91 8.067 7.798 7.632 8.287 8.022 8.17 8.062 7.95 7.985 8.336 2.314 7.782 7.658 7.301 8.021 7.648 7.905 8.258 7.867 7.877 8.061 7.526
2.745 8.367 8.347 8.363 8.026 7.202 8.322 7.832 7.821 7.578 8.161 8.26 8.456 7.717 8.225 7.499 8.288 8.429 8.379 7.91 8.219 8.333 8.305 8.504 8.117 7.717 8.397 8.109 8.237 8.114 8.404 8.169 8.473 8.771 8.512 7.384 8.434 7.828 8.307 8.341 7.823 7.967 7.926 8.63 8.142 8.076 8.436 8.276 8.051 8.219 7.595 8.304 8.422 8.24 8.562 8.135 7.575 8.124 8.361 8.153 8.033 7.918 8.276 8.313 8.625 8.042 8.462 8.772 7.702 8.357 8.282 8.859 8.493 7.705 8.619 7.94 7.389 7.814 8.069 8.068 6.766 8.205 7.826 7.62 7.972 8.34 7.364 7.594 2.702 7.979 8.136 8.57 7.42 7.742 8.232 8.365 8.34 8.055 8.367 8.404
2.279 8.102 8.426 7.924 7.917 8.089 7.748 7.857 7.928 7.327 8.148 7.846 8.168 7.302 7.867 8.301 8.132 8.346 8.311 8.084 8.084 8.594 8.356 7.922 7.904 8.153 7.843 7.841 7.564 7.812 7.276 7.749 8.052 8.555 8.105 8.131 8.229 8.121 8.225 7.528 7.556 8.552 7.667 7.946 7.619 8.087 7.939 7.812 8.436 7.814 8.028 8.061 7.764 7.975 7.984 7.845 8.188 8.18 8.316 8.172 7.87 7.496 8.279 7.307 7.886 7.58 8.288 8.077 8.067 7.961 8.518 7.633 7.553 7.479 8.021 8.115 7.79 7.905 7.914 7.946 6.526 8.249 7.825 7.665 7.88 7.191 8.393 8.286 2.564 7.354 7.452 7.644 7.775 7.787 7.301 7.964 8.009 7.786 8.441 8.102
2.345 8.125 8.097 7.985 7.955 7.913 8.499 8.41 8.464 7.325 8.128 8.356 8.316 8.16 7.631 8.309 8.401 8.201 7.984 8.097 8.288 8.19 7.937 8.562 8.578 8.686 7.397 8.473 8.441 7.936 7.589 7.728 8.348 7.529 8.548 8.335 8.243 8.578 8.315 8.348 8.236 8.05 7.775 6.759 8.255 8.546 8.213 7.665 7.878 8.451 7.726 8.559 8.133 8.488 8.235 8.49 8.248 7.679 8.886 7.402 7.897 8.082 8.081 8.481 8.203 7.955 8.006 8.401 8.271 8.107 8.109 8.243 8.145 7.066 7.619 8.016 7.463 7.783 8.351 7.652 8.202 7.993 8.026 7.996 8.472 8.005 7.155 8.243 2.346 7.771 7.632 7.743 8.152 7.091 8.127 8.438 8.038 7.903 7.924 8.098
2.935 8.358 7.586 8.132 7.938 8.062 7.54 7.115 8.015 7.91 7.232 7.638 8.109 8.375 8.022 8.084 8.098 7.96 8.631 7.806 7.479 8.237 8.728 7.657 7.012 7.762 7.034 7.069 8.15 8.23 8.031 6.695 7.584 8.185 7.594 7.458 8.341 8.099 8.339 7.942 8.02 7.93 8.236 8.476 8.088 7.795 8.229 8.035 7.852 8.142 8.515 7.901 7.981 8.597 8.347 7.736 8.594 8.003 8.169 7.978 7.438 7.252 8.056 8.452 7.947 7.929 7.265 8.605 7.979 8.175 7.491 7.8 8.27 7.158 8.023 8.039 8.283 7.994 8.187 6.462 7.96 7.988 8.295 7.833 8.426 8.207 7.547 8.501 2.821 8.42 8.106 8.144 7.76 6.744 7.613 7.912 8.242 8.166 7.685 7.426
2.673 7.893 8.042 8.001 7.85 8.253 8.4 7.622 7.953 8.538 8.09 8.566 8.173 8.07 7.932 7.602 8.084 7.955 8.625 7.279 8.326 8.036 8.295 8.674 7.278 8.15 8.369 8.069 8.491 8 7.622 8.284 8.671 8.221 7.782 7.689 8.454 7.79 8.057 8.43 8.249 8.052 8.19 7.996 8.189 7.954 8.242 8.522 8.007 8.296 7.496 7.462 7.939 8.773 8.306 7.823 7.808 8.274 8.339 8.198 8.234 7.995 8.103 8.088 8.185 8.115 8.142 8.099 8.336 8.642 6.73 8.573 8.198 8.346 7.214 8.333 8.035 8.124 7.576 8.273 8.132 8.527 7.656 8.525 8.246 8.424 7.279 7.548 2.494 8.218 7.517 8.31 8.169 8.531 7.693 7.435 6.848 7.99 7.838 7.998
2.276 7.116 7.923 7.859 7.713 7.899 7.625 8.301 7.958 7.994 7.544 7.521 7.458 7.907 8.341 8.022 8.068 8.168 7.818 7.849 7.483 7.76 7.936 7.487 7.702 8.16 8.272 7.983 8.001 7.977 8.06 7.671 7.703 7.582 7.539 7.863 8.075 8.058 7.741 7.903 6.866 7.921 7.759 7.951 8.077 7.047 8.508 7.837 7.709 7.91 7.591 7.785 8.098 7.945 7.691 8.135 7.848 7.662 7.306 7.472 7.702 7.751 8.009 8.096 7.94 7.014 7.814 7.784 7.609 8.167 6.269 8.51 8.119 7.59 7.914 8.177 8.066 7.689 7.743 7.214 7.797 8.05 8.042 7.389 7.258 7.846 8.019 8.292 2.175 7.681 7.458 7.658 8.193 7.09 7.719 8.315 7.488 7.849 7.494 8.216
2.694 7.999 7.697 8.407 6.2 7.347 8.089 8.189 7.369 8.39 7.9 8.303 7.594 8.464 8.073 8.597 8.384 8.63 8.118 7.602 8.123 8.095 8.214 8.29 8.447 8.269 8.21 7.47 8.255 8.543 7.31 7.858 8.085 7.074 7.936 8.016 7.914 8.053 8.296 8.721 8.304 8.381 8.53 8.049 8.066 7.927 7.253 8.561 8.251 8.141 7.693 7.715 8.436 8.388 8.306 8.418 7.756 7.726 7.587 7.899 8.31 8.313 7.591 7.513 7.783 7.523 7.483 7.092 7.734 8.403 8.238 8.281 8.211 8.268 7.143 8.228 7.123 8.355 7.781 7.858 7.866 8.443 8.138 8.136 8.564 7.829 8.341 8.045 2.212 8.227 8.032 7.93 7.918 7.548 8.263 7.225 8.265 7.369 7.918 8.179
2.671 7.838 8.128 7.983 8.002 7.432 7.806 7.972 7.959 7.968 8.179 7.681 8.213 8.013 8.727 8.357 8.465 8.199 8.022 8.065 8.111 8.189 8.075 7.591 8.256 7.499 8.355 7.831 8.201 7.944 7.655 8.431 7.85 8.289 6.996 7.796 7.911 8.09 7.77 8.459 7.333 8.298 8.043 7.991 8.222 8.123 6.226 8.465 7.61 8.158 7.54 7.986 8.153 8.108 7.98 8.082 7.881 6.957 7.724 7.843 8.276 8.184 7.868 8.189 8.156 7.778 7.261 7.809 7.792 7.445 8.027 8.29 7.494 7.364 8.033 7.741 7.853 7.869 7.679 8.284 7.7 7.808 7.858 7.717 8.607 7.948 8.063 7.198 2.309 7.481 7.128 7.011 7.956 8.041 7.507 7.529 7.917 7.816 7.866 7.883
2.681 8.058 7.896 6.773 8.163 7.735 8.019 8.234 8.228 7.86 8.038 7.47 8.12 7.657 7.842 7.322 7.32 7.79 8.693 7.942 8.224 8.091 6.811 7.956 7.818 7.739 8.019 8.296 8.25 8.524 7.931 7.525 8.201 8.015 7.203 8.158 7.789 7.684 8.297 7.382 7.485 8.143 7.929 7.821 7.685 8.01 7.591 8.128 7.826 7.333 7.904 8.277 7.754 7.718 8.143 6.833 7.96 7.925 8.058 7.856 8.059 8.169 8.093 8.055 8.248 8.017 7.466 8.305 7.716 7.343 7.903 7.954 7.837 7.849 7.525 6.617 7.829 7.693 7.726 7.432 8.171 8.095 8.262 7.715 8.218 7.718 8.201 7.826 2.588 8.084 7.928 8.252 7.902 7.823 7.8 8.042 8.221 8.093 8.07 7.551
2.193 7.94 8.044 7.934 7.854 7.343 8.082 7.401 8.093 7.656 8.113 7.991 8.116 8.185 7.49 7.878 7.99 8.429 5.965 8.039 7.972 7.781 8.412 7.82 8.111 8.211 7.978 8.403 8.287 7.958 7.887 7.993 7.988 7.93 8.049 8.13 8.071 7.83 8.289 8.268 7.556 8.078 7.737 7.846 8.384 8.136 7.954 7.395 8.055 8.328 8.238 7.774 8.292 7.55 8.023 7.854 7.939 8.155 7.997 8.024 7.55 7.929 7.909 7.982 6.665 7.541 7.4 7.026 7.663 8.631 8.236 6.91 8.241 7.952 7.993 7.345 8.01 8.178 7.396 7.54 7.901 7.772 7.233 7.892 7.595 8.135 8.164 7.903 2.404 8.333 8 8.267 7.929 7.843 7.91 8.338 8.47 8.132 8.024 8.322
2.556 8.104 7.734 7.743 7.386 7.241 6.488 7.912 7.355 7.899 7.36 7.691 7.869 7.687 7.237 7.732 7.556 7.739 8.01 7.256 7.22 7.143 7.744 7.559 8.068 8.23 7.258 7.951 7.403 7.329 7.85 7.801 7.312 7.997 7.071 7.59 7.14 7.49 7.842 7.561 7.975 7.976 7.873 7.491 8.11 7.741 7.742 7.863 7.969 8.064 7.609 7.138 7.961 7.599 7.611 7.69 7.024 7.42 8.084 7.9 7.986 7.481 7.758 7.46 7.424 7.547 7.54 7.452 7.915 7.846 7.477 7.949 8.01 8.268 7.59 8.366 7.666 7.765 7.869 6.504 7.949 7.493 7.527 6.944 7.721 7.505 7.744 7.609 2.645 7.668 7.593 7.604 7.783 7.8 8.275 6.434 7.537 7.779 7.594 7.742
2.306 7.729 8.075 8.216 8.826 6.778 8.178 8.179 8.181 8.359 8.334 8.043 7.764 8.009 7.897 8.045 8.225 8.154 8.311 8.395 8.217 8.081 8.283 8.356 8.412 8.086 8.589 8.399 6.751 8.478 8.456 7.567 8.676 8.456 8.018 8.256 8.974 8.549 8.281 8.377 8.669 8.179 7.346 8.665 8.638 8.346 8.64 8.225 8.326 8.339 8.089 7.992 8.251 7.336 8.235 8.604 7.723 7.792 8.142 8.22 7.998 8.882 8.484 7.555 8.378 8.373 8.366 7.931 8.228 8.463 8.728 7.881 8.16 7.622 8.224 7.721 8.141 8.667 7.425 8.054 8.446 7.322 8.212 8.298 8.325 7.933 7.96 8.246 2.607 8.2 8.375 7.792 8.307 7.595 8.309 7.663 7.706 8.148 8.519 8.788
2.373 8.04 7.841 7.462 8.022 7.063 7.779 7.006 7.978 7.792 7.594 7.817 6.716 7.828 7.701 7.713 8.156 7.498 7.677 7.962 6.515 8.376 7.596 8.001 7.496 8.086 7.888 7.506 8.436 7.828 8.045 7.701 7.682 7.989 7.214 7.575 7.99 8.369 7.865 7.747 7.976 7.683 7.913 7.618 7.421 8.513 8.051 7.835 7.831 7.335 8.066 7.464 7.163 7.484 8.063 7.442 6.946 7.958 7.44 8.015 8.251 7.96 7.629 7.059 8.053 7.939 8.131 7.575 8.328 8.057 8.149 8.077 7.644 7.856 8.164 7.682 7.779 7.983 7.897 7.458 7.443 8.045 7.604 7.503 7.58 8.393 7.628 7.796 2.553 7.723 8.171 7.621 7.751 8.43 7.507 8.349 7.844 8.097 7.887 7.513
2.403 7.416 8.09 7.175 7.5 7.912 8.049 7.331 7.915 7.19 8.198 4.642 7.869 7.104 8.346 7.821 8.084 8.006 7.782 7.708 7.963 8.116 8.061 7.919 7.885 7.857 7.75 7.889 6.026 7.493 7.887 7.795 6.863 7.752 7.744 7.769 7.993 8.447 8.09 7.122 7.956 8.196 7.231 7.875 8.028 7.989 7.938 7.387 7.996 7.574 6.937 7.96 7.708 7.946 7.805 7.892 7.438 8.076 8.064 7.915 8.343 7.881 7.723 7.217 7.318 8.084 7.82 7.671 8.043 7.099 7.492 8.262 7.796 7.314 8.043 8.385 7.656 7.725 7.747 7.962 8.128 7.589 8.151 7.878 7.824 7.166 6.977 7.356 2.662 8.427 8.322 7.873 7.057 7.861 7.173 7.982 7.973 7.895 7.574 7.423
1.954 8.084 7.978 8.001 7.429 8.112 8.479 8.041 7.793 8.079 7.663 8.124 8.479 8.468 8.504 8.057 7.735 8.103 8.328 8.007 8.235 8.07 7.761 7.8 8.488 7.751 8.067 7.623 7.971 8.191 7.889 8.407 7.953 8.336 8.128 7.677 7.812 7.992 7.808 7.683 7.03 7.855 8.362 7.839 7.575 7.267 8.284 7.126 8.196 8.131 7.652 8.146 7.926 7.978 8.188 7.942 7.457 7.363 8.583 8.309 7.592 8.162 7.818 8.047 7.638 8.205 7.983 8.249 7.98 7.707 7.4 8.271 8.144 7.727 7.295 7.531 8.233 7.633 7.593 8.135 7.856 8.252 8.215 7.979 8.191 7.731 7.988 8.105 2.16 7.761 8.304 8.267 8.392 8.116 8.297 7.738 8.062 7.31 8.016 7.921
2.479 7.96 7.799 8.107 7.106 7.784 6.883 7.355 7.48 8.082 7.954 7.833 7.917 8.016 7.904 8.49 7.262 8.371 7.976 8.059 8.13 7.636 8.235 8.052 7.826 7.992 8.272 7.878 8.043 8.22 8.32 7.816 7.187 8.129 8.263 8.001 7.736 8.045 8.135 6.823 8.14 8.098 8.027 7.308 8.348 8.166 7.712 8.478 7.293 7.063 7.512 7.633 7.634 7.655 7.421 8.387 7.503 8.523 8.168 7.652 8.129 6.407 7.931 7.512 7.365 7.925 7.755 7.84 7.895 8.142 7.382 7.881 7.2 8.189 8.624 8.173 8.015 7.11 7.731 8.34 7.888 8.004 7.819 8.471 8.066 8.133 7.443 8.107 2.602 8.169 7.848 7.901 7.91 7.733 8.407 7.694 7.687 7.166 7.987 8.096
2.737 7.447 7.271 7.893 7.653 7.161 7.654 7.521 7.257 7.187 7.869 8.071 7.841 8.245 7.422 7.036 7.36 8.028 7.759 7.169 7.475 8.135 7.99 7.492 7.583 8.098 7.476 7.711 6.472 7.998 7.649 7.985 7.982 7.955 7.115 7.415 7.815 7.837 7.08 7.443 7.635 7.518 7.042 7.813 7.359 7.824 7.191 7.801 7.944 7.623 7.03 7.923 7.607 7.487 7.248 7.549 6.957 7.711 7.723 7.685 7.947 6.317 7.651 6.985 6.237 7.663 7.578 7.915 7.711 7.53 7.412 7.629 7.752 7.836 7.879 7.623 7.588 7.725 7.824 7.222 7.489 7.964 7.863 7.93 7.757 7.737 7.628 7.815 2.312 8.129 7.443 7.301 8.129 7.501 6.399 7.975 7.779 7.586 7.493 7.22
3.019 8.189 7.742 8.116 8.173 7.821 7.81 8.16 8.336 7.754 7.935 8.221 8.329 7.785 7.977 8.039 7.218 7.196 7.463 8.292 8.022 8.021 7.52 8.02 8.073 8.258 8.313 7.955 7.913 8.077 8.186 8.076 7.787 8.445 7.24 7.279 7.479 7.726 7.544 8.305 8.42 8.069 8.083 6.898 7.884 7.995 8.25 8.238 6.887 8.037 7.269 7.968 8.588 8.113 8.038 7.354 8.053 7.772 7.403 7.224 8.331 8.085 7.639 8.764 7.565 7.697 7.853 8.045 8.371 8.297 7.34 7.628 7.908 7.893 7.365 8.018 8.01 7.912 7.639 8.002 8.298 8.167 8.283 8.315 8.139 8.047 7.878 8.584 2.749 7.986 7.588 7.962 7.457 7.813 8.231 7.984 7.952 7.386 8.342 7.581
2.409 8.309 8.235 8.292 7.882 8.664 7.743 7.242 8.132 8.022 8.587 7.813 8.424 7.454 9.002 7.621 8.629 7.95 8.45 8.649 8.237 7.577 7.597 7.63 8.271 8.305 8.274 8.245 8.159 7.605 8.603 8.529 8.577 8.569 8.134 8.262 7.898 7.868 7.908 8.445 7.106 8.116 8.405 8.435 8.173 7.679 7.819 7.877 8.145 8.503 7.706 7.914 8.182 8.653 8.596 6.985 8.189 8.175 8.104 8.221 7.959 8.003 8.293 6.084 8.657 8.408 7.97 7.775 8.004 8.411 8.049 8.147 8.295 8.506 8.545 8.12 7.156 6.663 8.573 8.472 8.094 7.932 8.686 7.603 7.936 8.3 8.313 8.047 2.859 8.488 8.346 7.347 7.822 7.934 8.147 8.068 7.722 8.235 7.559 8.123
2.261 8.165 7.343 8.374 7.775 7.245 8.221 7.867 7.13 8.205 8.278 7.984 7.948 7.985 8.282 8.455 8.205 7.842 8.643 8.163 8.549 7.881 8.258 8.029 7.848 7.852 7.837 7.964 7.614 8.316 7.763 7.491 8.24 7.949 8.072 7.888 8.506 7.983 7.964 8.107 8.127 8.07 8.014 8.147 8.406 7.367 8.016 7.61 7.631 7.899 7.795 7.264 7.925 7.527 7.628 8.113 8.093 8.33 7.781 7.495 8.302 8.465 8.224 7.986 6.993 8.097 8.284 8.15 8.333 8.049 7.929 8.257 7.711 7.969 8.276 7.494 8.265 6.95 8.122 8.318 8.132 7.652 8.311 8.083 7.976 7.744 8.515 8.092 2.284 8.132 7.968 8.272 7.818 8.198 8.191 8.513 7.808 7.939 8.284 7.926
2.623 7.455 7.845 7.677 7.438 7.859 7.508 7.795 7.256 7.592 7.946 8.142 6.829 8.194 7.304 7.426 8.045 7.553 7.365 7.783 7.931 7.316 7.664 7.518 8.283 7.837 7.165 7.922 7.785 8.123 6.942 7.592 7.821 7.9 8.083 7.922 7.774 7.61 7.544 7.539 7.891 7.787 8.128 7.397 6.988 8.208 7.283 7.338 6.941 7.831 7.325 7.268 7.85 6.792 7.878 7.426 7.903 7.771 7.92 7.839 7.656 8.236 6.681 8.117 7.943 7.948 8.02 7.979 7.451 7.673 7.657 7.39 7.705 7.811 7.978 7.714 7.739 7.529 7.852 7.726 8.021 7.905 7.185 7.913 7.623 7.093 7.591 7.839 2.543 7.475 7.89 7.873 7.96 7.566 7.358 8.016 7.551 7.959 8.199 7.482
2.18 7.879 7.732 8.12 8.187 8.006 8.154 7.713 7.134 8.417 7.653 8.118 7.919 7.899 8.003 7.974 8.062 7.613 7.205 8.372 7.107 7.998 7.879 7.673 7.831 7.698 7.801 8.15 7.822 8.487 8.017 7.533 6.435 7.87 7.611 8.047 7.839 7.273 7.309 7.902 7.809 7.044 7.51 7.755 8.091 7.35 8.121 8.408 8.27 7.939 7.995 7.208 7.897 7.875 8.018 8.101 7.608 7.839 7.724 7.86 8.305 7.849 8.032 8.021 7.754 7.608 7.985 8.251 7.542 8.146 7.675 7.629 8.438 7.956 6.836 7.998 8.014 8.145 7.966 7.579 7.949 8.055 8.176 7.695 8.001 7.902 7.785 8.275 1.934 7.598 6.989 7.803 7.99 8.103 7.631 8.336 7.362 7.905 7.6 7.463
2.54 7.991 7.525 7.466 8.118 7.501 7.118 8.041 7.682 7.92 7.535 7.896 8.075 7.783 8.203 7.453 7.208 7.242 7.708 7.655 7.819 8.011 7.923 7.875 7.647 7.889 7.718 7.849 7.39 8.005 7.353 8.312 7.442 8.035 5.988 7.903 7.548 7.784 7.894 7.18 7.806 7.142 8.278 7.623 7.928 7.565 7.597 7.37 7.948 8.018 8.226 7.866 7.409 8.009 7.774 6.816 8.027 8.108 7.42 7.993 7.247 7.679 7.931 8.186 8.086 7.518 7.975 8.005 7.226 7.988 7.235 8.107 8.143 7.801 8.046 8.007 7.676 8.423 7.854 7.767 7.913 7.701 7.652 7.63 7.676 7.53 7.92 7.641 2.137 7.578 7.185 7.981 7.603 7.812 7.42 7.878 7.779 8.123 8.382 7.285
2.899 8.046 7.604 7.947 7.781 7.708 7.686 8.023 7.956 7.861 8.184 7.629 8.133 8.121 7.798 7.801 7.792 7.029 7.851 7.83 7.856 7.167 8.054 8.397 7.692 8.155 8.065 8.012 8.096 7.676 8.118 8.53 7.921 8.178 7.603 7.042 6.927 8.003 8.401 8.428 7.992 7.96 8.032 8.19 7.172 7.728 7.725 8.321 8.229 7.785 8.109 7.781 8.051 8.139 7.677 7.163 7.945 7.68 8.256 7.528 7.824 8.047 7.618 8.532 8.317 8.116 8.188 8.257 7.742 8.029 7.926 7.705 7.873 8.152 8.376 8.014 7.261 7.782 8.451 8.141 7.516 8.074 7.778 6.418 7.92 7.711 7.782 7.927 2.798 7.665 7.691 7.709 8.417 7.452 8.001 7.94 8.212 8.021 8.289 8.305
2.477 7.752 7.772 8.231 7.732 7.76 7.945 8.465 8.079 8.298 8.033 7.339 8.102 8.141 7.923 8.201 7.905 7.231 8.454 8.283 8.061 8.379 7.811 8.112 8.325 7.908 8.068 7.764 8.225 7.823 7.528 7.927 8.05 7.887 7.866 8.369 7.968 8.353 7.788 8.169 7.989 7.671 7.941 8.105 8.406 7.818 8.015 8.132 8.196 7.464 8.254 7.865 8.13 7.568 7.747 8.277 7.844 7.427 7.655 7.478 7.623 8.459 7.996 6.953 8.153 7.705 7.423 7.625 8.112 8.275 8.16 7.041 6.552 8.244 7.945 7.87 7.147 7.566 8.461 7.594 8.004 8.547 8.067 8.024 8.079 8.037 7.856 7.973 2.531 8.178 8.077 8.205 7.739 8.09 8.446 8.239 8.609 7.967 7.135 7.491
2.264 7.163 8.08 7.956 7.949 7.536 8.07 7.55 7.89 7.757 7.39 7.833 7.729 8.021 8.031 7.604 7.627 7.596 7.969 8.253 7.869 7.549 8.193 7.24 8.236 7.933 8.259 7.696 7.564 7.239 7.768 8.123 7.906 6.464 8.091 8.076 7.96 7.832 8.005 8.072 7.89 7.616 7.84 7.792 7.61 7.179 7.746 7.754 7.326 7.248 7.608 8.02 8.188 7.645 7.979 8.175 8.19 7.373 7.776 7.86 7.331 7.618 7.22 8.141 7.575 7.383 8.212 7.487 7.941 7.776 7.777 7.913 8.108 7.915 7.926 7.753 7.899 8.071 8.068 7.533 7.793 8.084 7.46 8.231 8.024 7.437 7.358 7.702 2.426 7.951 8.223 7.896 8.237 8.168 7.488 7.42 8.25 6.421 7.872 7.576
2.368 8.602 8.022 7.55 8.067 7.609 8.233 8.665 7.824 6.82 7.504 8.488 8.035 7.889 8.269 7.905 7.521 8.113 7.892 8.259 7.756 8.011 7.24 8.102 8.274 7.835 7.873 7.301 8.186 8.167 8.474 7.862 8.289 7.752 8.358 8.568 8.564 8.052 7.961 8.07 8.668 7.952 8.558 7.891 7.606 7.614 8.586 8.249 7.721 7.456 7.781 7.871 7.647 8.085 7.799 8.555 7.821 7.534 8.085 7.586 8.256 8.326 8.438 7.709 8.274 8.026 7.383 8.202 8.117 8.105 7.493 7.867 6.763 8.18 8.389 7.826 7.39 7.968 7.766 8.545 8.605 8.095 8.257 7.248 7.886 8.209 7.181 8.338 2.59 7.395 8.496 8.358 8.302 8.126 7.918 8.05 8.265 7.718 8.333 7.381
2.582 7.968 7.909 7.947 8.023 7.97 8.189 7.556 8.168 7.673 7.278 8.202 7.756 7.625 7.835 7.969 7.733 8.047 7.834 7.879 7.868 8.169 7.667 7.989 8.104 7.783 8.217 8.014 7.921 7.983 7.719 7.794 8.002 7.619 8.216 8.221 7.608 7.904 8.032 7.429 8.171 8.28 7.886 7.626 7.872 7.647 6.705 7.509 8.175 7.905 8.332 7.761 7.385 7.959 8.247 7.945 7.519 8.521 7.421 8.031 8.268 7.879 7.829 7.483 7.668 6.818 7.596 8.134 7.613 8.023 8.031 8.491 8.124 7.99 7.898 8.441 8.281 7.516 8.44 7.34 7.844 8.006 7.276 7.802 7.604 7.594 7.886 7.711 1.836 8.114 8.218 8.059 7.69 7.934 7.993 7.571 8.091 7.884 7.608 7.704
2.697 8.276 8.434 8.687 7.559 8.254 8.416 8.267 7.895 7.96 8.194 7.073 8.213 7.713 8.241 6.175 7.878 8.03 8.237 8.041 8.385 8.31 8.184 8.393 8.714 7.177 7.97 8.329 8.215 8.244 8.669 7.997 7.711 7.959 8.177 7.695 8.062 8.536 8.171 7.765 8.683 8.221 7.64 8.654 7.882 8.016 8.473 8.159 8.233 8.106 8.511 7.818 8.32 8.192 8.229 8.006 8.615 8.282 8.101 8.242 7.749 8.648 7.993 8.03 7.552 6.511 8.213 8.138 8.154 7.504 6.667 8.108 7.295 8.075 8.202 7.353 8.09 8.173 7.819 7.841 7.548 8.059 8.355 7.895 8.415 7.855 8.063 8.382 2.303 7.732 8.281 8.273 6.985 8.133 7.79 8.559 8.439 8.324 8.235 7.56
2.511 7.985 8.058 8.237 8.085 7.423 7.705 7.608 7.853 7.735 7.643 6.472 7.649 7.943 8.103 7.987 7.451 7.43 7.721 7.042 7.671 8.001 7.903 7.284 8.344 7.932 7.903 7.874 7.829 6.932 7.105 7.241 7.751 7.52 8.213 7.777 7.759 7.61 7.268 7.627 7.212 8.505 8.305 8.015 7.949 8.386 8.194 8.334 6.8 7.467 8.078 7.806 7.793 7.118 7.766 7.366 7.566 7.621 8.157 7.885 7.606 7.974 7.648 8.204 7.415 8.007 7.966 7.357 7.273 8.024 7.451 7.75 7.326 8.086 7.338 8.255 8.179 7.847 7.968 8.092 7.865 8.092 8.221 8.182 7.757 7.859 8.388 7.832 2.281 6.602 7.681 7.751 7.858 7.505 7.937 7.822 7.785 7.752 7.74 8.182
2.861 7.844 6.755 7.878 7.527 7.424 7.62 7.749 7.847 6.795 7.212 7.576 7.514 7.788 7.735 8.085 6.17 7.614 7.368 8.325 7.679 6.579 8.051 7.453 7.275 7.614 7.932 7.819 7.415 7.812 7.67 7.814 7.784 7.699 7.862 7.843 7.687 7.433 7.892 7.764 7.352 6.955 6.851 7.568 7.684 5.392 7.421 7.613 7.095 7.034 7.513 6.574 7.342 7.637 6.902 7.195 7.74 7.429 7.484 7.762 7.648 7.854 7.709 7.39 7.666 7.518 7.432 7.615 7.203 7.456 7.283 7.513 7.104 7.598 7.555 7.307 7.927 7.517 7.655 7.61 8.006 7.351 7.207 7.068 7.102 7.835 7.83 7.667 2.617 7.741 7.403 7.761 7.389 7.553 7.578 7.539 7.552 7.769 7.695 7.843
2.259 8.376 8.032 7.599 8.382 7.374 7.763 8.164 7.706 8.281 7.955 7.942 8.286 8.202 8.549 7.46 8.161 8.059 8.125 8.797 6.423 7.981 7.603 8.232 7.731 8.578 7.901 8.086 8.184 7.655 7.822 8.136 8.458 8.067 8.23 8.279 7.983 7.726 8.075 7.681 6.662 8.224 8.123 8.512 8.772 8.4 6.428 8.412 8.506 8.279 8.318 7.893 8.109 8.184 8.149 7.912 8.034 8.423 8.404 7.826 8.141 7.863 8.597 7.935 8.352 8.374 8.321 7.995 8.407 8.181 8.155 8.104 8.004 8.08 7.871 8.259 8.49 7.648 8.245 8.4 8.196 7.733 7.642 7.378 8.605 8.103 8.081 8.475 2.746 8.16 8.622 8.168 8.163 8.169 8.257 6.923 8.143 7.872 8.236 8.38
2.474 7.859 7.154 7.661 7.976 7.305 7.915 7.675 8.341 7.528 8.036 8.359 7.816 8.081 7.757 8.048 7.354 8.119 7.408 6.918 8.127 7.725 8.024 8.242 7.697 7.101 8.125 7.454 7.774 7.922 7.719 7.844 8.002 7.995 7.718 8.058 7.75 7.741 7.267 8.085 7.294 7.527 8.066 7.801 7.853 7.666 8.064 7.793 7.788 7.864 7.51 7.975 7.556 8.085 6.813 8.114 8.011 7.786 7.926 7.954 7.761 8.197 8.17 7.769 7.174 7.008 7.205 8.009 8.332 7.655 7.722 7.779 7.71 7.516 7.791 7.949 7.53 7.789 6.54 7.953 7.333 8.135 7.801 6.879 7.159 7.884 7.867 8.15 2.151 7.493 7.741 7.637 7.573 7.807 8.114 8.003 8.168 7.632 7.999 7.57
2.514 7.308 8.26 8.123 8.075 7.796 8.323 7.677 8.048 7.948 8.529 8.353 8.538 7.596 7.984 8.17 8.213 8.219 7.437 8.109 7.69 8.385 7.904 7.37 7.706 8.372 8.449 7.98 8.04 8.049 7.707 7.986 8.313 7.189 8.082 7.826 7.852 8.539 7.879 7.616 8.169 8.134 8.201 7.82 8.012 8.305 8.282 7.216 7.983 7.487 8.353 7.66 8.122 7.049 7.942 7.939 7.725 8.018 7.999 7.873 7.665 7.837 8.125 8.446 7.879 8.07 7.67 8.235 7.59 7.681 7.989 8.317 7.587 7.745 7.736 8.208 7.994 7.362 8.045 7.75 7.966 7.844 8.052 8.165 8.194 8.019 7.942 7.538 2.571 8.307 7.848 8.171 8.103 7.722 7.591 8.086 7.907 8.809 8.052 7.492
2.397 7.416 7.294 7.707 7.571 7.565 7.719 7.805 7.906 8.057 8.432 8.358 7.094 7.632 7.879 8.01 7.705 8.128 7.987 8.466 6.985 7.94 7.994 7.851 8.126 7.895 8.363 7.198 7.832 8.083 8.042 7.564 8.101 7.715 7.159 7.337 7.831 8.213 7.183 7.814 7.723 7.877 7.577 8.041 7.315 7.765 8.165 7.998 7.802 8.034 7.997 8.085 8.199 7.801 8.463 7.567 7.882 7.683 8.244 7.637 7.523 7.603 7.599 8.251 7.895 7.84 7.736 7.815 8.175 8.116 7.874 7.888 7.906 8.203 7.714 8.03 8.101 7.846 8.015 8.154 8.172 8.265 8.276 7.366 8.194 7.72 8.334 7.534 2.322 8.073 7.861 7.849 7.404 7.979 8.03 7.631 7.642 8.333 7.767 7.607
2.623 8.142 8.091 7.964 7.975 6.562 8.062 7.955 8.227 7.838 6.395 8.252 7.924 7.539 7.943 8.023 8.153 8.236 8.207 7.886 7.518 7.314 5.168 7.248 8.14 7.794 7.914 8.327 8.139 8.016 8.157 7.957 8.023 7.313 8.222 8.394 8.18 7.984 7.913 7.498 8.037 7.529 7.526 7.895 8.05 7.605 8.017 8.159 7.555 8.294 8.186 7.843 7.895 8.05 8.204 7.626 6.866 7.405 7.891 7.652 7.591 8.384 8.087 6.754 7.566 7.821 7.963 8.135 8.033 8.18 7.952 8.263 8.027 8.342 8.172 7.49 7.45 7.608 7.896 8 8.208 7.887 7.617 8.231 7.601 8.339 8.198 7.984 2.473 8.179 7.751 8.111 7.782 7.378 8.187 7.77 8.045 7.43 7.311 8.234
2.531 7.389 8.351 8.154 7.828 7.963 8.14 8.103 8.076 8.163 8.006 7.626 7.693 8.067 8.268 6.959 7.29 8.317 8.004 7.138 8.279 6.489 8.47 7.511 7.871 6.913 8.202 7.952 8.321 8.166 8.231 8.042 8.196 8.083 8.147 8.128 7.908 8.407 7.352 8.148 8.618 8.093 7.736 8.203 8.025 7.619 8.363 8.267 8.22 7.786 8.463 8.038 7.879 8.022 8.008 7.279 8.16 7.99 8.466 8.357 8.405 7.146 7.974 8.163 7.872 8.558 8.033 7.824 8.565 8.182 8.008 7.888 8.176 8.084 7.844 7.575 7.409 8.305 7.868 7.63 8.003 8.3 7.772 8.071 8.292 8.711 7.596 7.29 2.346 7.976 8.246 8.095 8.229 8.131 7.818 8.123 7.919 8.348 8.044 8.077
2.422 8.66 7.33 7.921 7.869 7.669 7.933 8.41 8.286 8.005 7.482 8.077 7.847 8.194 8.289 8.044 7.701 8.317 7.706 7.662 8.309 8.074 8.364 7.943 7.695 7.825 8.641 7.984 8.057 8.199 8.144 8.073 8.106 8.641 7.324 8.438 8 8.617 8.437 8.316 7.751 7.82 8.179 8.077 8.257 7.99 7.814 8.296 7.864 8.833 8.472 8.328 8.26 8.705 8.265 8.54 7.932 7.566 8.17 7.945 8.257 8.156 7.398 8.333 8.136 7.879 8.049 8.223 8.485 8.437 8.274 7.739 8.374 8.084 8.496 8.16 7.762 7.803 7.546 8.538 7.448 8.471 8.774 7.351 8.526 8.138 7.666 7.791 2.301 8.639 8.447 7.972 8.022 8.349 8.527 7.003 7.942 6.643 8.42 7.924
2.35 7.532 7.48 8.208 7.937 7.703 7.633 6.829 7.943 7.467 7.834 8.482 7.85 8.034 8.236 8.24 7.799 7.931 7.984 8.184 8.301 8.039 7.834 7.945 7.645 7.286 7.364 7.891 7.442 8.112 7.122 7.818 8.527 6.833 8.071 7.995 8.049 7.91 8.28 7.716 7.896 8.03 7.955 7.427 8.02 8.119 7.708 7.34 7.569 7.977 7.992 7.983 8.113 8.177 7.606 8.011 7.354 7.715 7.706 7.572 7.721 7.564 7.583 7.366 8.067 8.382 7.778 8.181 7.925 7.705 7.732 7.94 7.444 8.403 7.771 7.75 8.061 7.064 8.192 7.959 7.951 7.979 7.368 7.713 8.427 7.67 7.773 8.046 2.262 7.43 7.896 8.225 7.837 8.093 8.009 7.984 8.047 7.993 7.793 7.568
1.738 8.012 8.006 7.921 8.341 7.483 8.126 8.193 7.535 7.682 7.648 8.335 7.411 7.921 8.14 8.223 8.256 8.084 7.614 7.968 8.073 7.626 8.012 7.326 8.074 7.911 7.584 8.165 8.44 7.885 8.076 7.97 7.767 8.062 7.233 7.882 7.976 8.011 7.436 7.891 7.987 8.074 8.084 8.11 7.796 7.915 7.778 7.829 7.93 8.047 7.434 7.883 8.221 7.801 8.127 7.658 8.197 7.583 8.307 8.121 7.885 7.88 7.916 7.856 8.093 8.249 7.039 7.624 8.039 8.056 8.311 8.154 8.304 8.045 8.175 7.831 6.886 7.617 8.296 8.057 7.369 7.953 6.638 6.76 8.418 7.893 8.176 7.838 2.144 7.913 7.929 8.304 7.374 8.185 8.221 7.253 8.211 7.914 8.345 7.958
2.217 8.117 7.854 6.754 7.306 7.015 8.167 7.645 7.879 7.752 7.936 7.731 7.793 8.041 7.953 7.786 7.446 8.474 7.611 7.446 7.838 7.501 7.729 8.117 7.547 7.839 7.673 8.124 7.171 7.898 7.767 7.083 7.374 7.819 7.482 7.501 7.528 7.893 6.419 8.134 7.922 7.879 7.694 7.886 7.891 7.902 7.936 7.614 7.99 8.081 7.889 7.742 7.729 8.147 8.237 8.238 7.647 6.463 7.955 7.51 7.745 7.269 7.896 8.052 7.746 7.824 7.847 7.138 7.504 6.987 7.71 8.34 7.634 8.054 7.746 7.14 7.725 8.106 7.429 7.517 7.397 8.219 7.75 7.887 7.602 8.042 7.749 7.606 2.49 7.34 8.102 7.206 7.728 7.232 7.08 7.703 8.233 8.171 7.696 7.964
1.863 7.806 7.61 7.696 6.655 7.12 7.281 6.368 7.722 7.316 7.696 7.766 7.584 7.906 7.241 7.992 7.954 7.885 7.647 7.475 7.543 7.796 7.711 7.805 8.118 7.925 6.478 7.468 8.03 7.696 7.475 7.885 7.587 7.623 8.04 7.793 7.592 7.844 8.022 8.042 7.562 8.2 7.843 6.935 8.17 7.945 7.91 8.049 7.301 7.407 7.233 7.275 7.703 7.707 8.059 6.321 7.706 7.659 7.924 7.776 7.83 7.64 7.705 8.03 8.137 7.928 8.113 7.626 7.744 8.161 7.99 8.16 7.955 7.547 7.546 8.212 7.313 7.971 8.082 7.259 7.436 7.441 6.931 7.502 7.44 7.41 8.144 7.463 2.287 7.923 7.972 7.37 8.044 8.01 8.029 7.833 7.868 7.32 7.566 7.687
2.602 8.035 7.807 8.204 7.821 7.659 7.686 7.668 7.336 8.114 8.155 7.672 7.459 8.053 7.739 7.842 7.949 8.37 7.48 7.669 7.802 7.204 7.489 7.773 7.911 7.632 7.473 7.669 7.61 6.847 6.969 7.813 8.381 7.812 7.636 6.898 7.891 7.438 8.33 7.546 7.886 7.432 7.468 7.209 6.642 7.652 7.998 7.784 8.336 7.639 8.248 8.092 7.766 7.882 7.517 8.208 7.501 7.949 7.626 7.985 8 7.929 7.766 8.081 8.013 7.833 7.772 8.062 7.815 8.175 7.586 7.807 7.34 7.869 7.957 6.372 7.797 7.346 7.952 7.599 7.641 8.082 8.519 8.064 8.363 7.881 7.969 8.125 2.737 7.713 7.304 7.768 7.114 7.537 7.461 8.262 7.612 7.793 7.974 7.874
2.463 8.05 7.925 8.279 7.342 7.669 7.688 7.89 7.796 7.832 7.444 7.894 7.841 7.868 7.839 8.172 7.391 7.538 8.223 8.304 7.559 7.6 8.152 7.895 7.098 7.581 7.54 7.668 7.779 7.83 8.333 7.349 7.514 8.215 7.939 7.656 7.403 7.731 8.301 7.622 7.762 8.198 7.419 7.93 7.802 7.617 7.49 7.654 7.648 7.976 7.371 7.253 7.782 7.963 8.171 8.384 7.569 8.525 6.482 8.06 6.949 8.044 8.105 8.287 6.734 8.201 7.93 7.871 7.683 8.394 7.423 7.763 7.778 7.913 7.996 8.13 7.555 7.619 7.833 7.613 8.025 8.025 7.828 8.432 8.061 7.946 8.427 7.845 2.304 7.978 8.192 7.917 8.003 8.048 8.043 7.72 8.159 8.312 8.008 8.241
2.52 7.546 8.298 8.137 7.639 7.258 8.141 7.508 7.297 7.859 8.009 7.706 8.191 8.091 8.102 7.986 7.475 7.911 7.003 7.964 7.757 7.709 7.488 7.94 7.884 8.129 7.965 7.872 7.85 7.783 7.742 7.331 7.988 8.023 7.786 7.987 7.817 8.006 7.318 7.943 8.229 8.068 7.794 8.224 7.614 8.174 7.359 8.322 8.051 8.067 7.63 8.195 8.511 8.006 7.257 7.768 7.78 7.721 7.858 8.081 7.611 7.563 7.466 8.094 7.887 8.201 8.384 7.205 8.337 8.241 7.147 7.482 7.99 8.236 7.037 8.305 7.823 7.913 7.819 7.383 7.922 8.033 7.652 7.83 7.711 7.568 7.33 7.528 2.406 8.27 7.821 7.127 7.85 8.147 7.89 8.014 8.293 7.9 7.343 7.67
2.782 8.064 8.169 8.493 7.634 8.739 8.355 8.26 7.786 8.532 7.9 8.16 7.749 7.912 8.029 8.241 8.077 8.3 7.918 8.355 8.672 8.267 7.931 8.248 7.805 7.409 8.151 7.954 8.261 7.829 8.719 7.323 7.682 8.143 7.409 8.006 8.177 8.532 7.93 8.032 7.451 8.569 8.353 7.444 8.046 7.342 8.095 8.368 7.39 8.092 8.248 7.525 8.11 8.503 8.44 7.965 8.128 7.773 7.338 8.087 7.84 8.439 8.684 7.482 8.201 8.415 8.134 8.025 7.787 7.983 7.951 7.957 8.713 7.825 8.235 8.043 8.231 8.236 8.059 8.447 8.783 7.622 7.796 7.543 7.761 7.435 8.349 8.145 2.374 8.621 7.955 7.966 8.001 8.518 7.53 8.742 8.513 8.047 8.15 8.688
2.495 7.916 8.021 7.562 7.598 7.433 7.634 8.391 8.389 8.418 7.802 7.925 7.675 7.992 7.894 8.253 7.847 8.231 8.1 8.043 7.222 8.616 8.606 8.201 7.589 7.475 8.157 8.132 7.82 8.149 7.226 7.496 7.934 6.702 8.277 7.22 7.9 8.208 8.063 8.161 8.06 8.07 8.148 8.279 8.18 7.022 8.363 8.319 8.244 7.129 7.701 7.347 8.113 8.107 8.04 8.239 6.872 7.733 8.025 8.269 6.973 8.201 7.906 8.516 8.025 7.808 8.201 8.779 8.073 8.187 7.822 7.994 7.658 8.058 7.616 8.364 7.986 7.945 7.667 8.154 7.963 8.35 8.145 7.83 7.81 7.89 7.96 7.869 2.427 7.619 7.857 8.201 7.864 7.405 7.778 8.194 7.89 5.677 8.594 7.714
1.919 7.854 8.349 8.07 8.365 7.996 8.101 8.191 8.383 8.157 7.519 8.384 8.327 8.255 8.618 8.453 8.442 8.023 7.197 8.14 8.211 7.817 6.686 8.503 7.807 8.27 7.941 8.014 8.468 8.35 8.47 8.43 8.052 7.953 8.214 8.136 8.481 7.73 8.633 7.589 8.067 8.216 8.12 8.239 7.74 7.713 7.439 7.604 7.778 8.489 8.018 8.802 7.751 8.549 8.091 7.656 7.88 8.448 8.477 8.086 8.084 8.461 7.973 8.829 6.577 8.151 8.189 8.108 8.31 8.526 8.086 7.84 8.208 8.173 7.894 8.168 8.202 8.4 7.67 8.219 8.552 8.199 8.098 8.393 7.735 8.439 7.64 8.343 2.461 8.72 8.575 7.77 7.587 8.973 8.609 7.915 8.157 8.731 8.221 8.294
2.208 7.741 7.805 7.343 7.977 7.931 7.944 7.895 7.194 7.862 7.789 8.001 7.038 7.83 7.876 7.44 8.237 7.921 8.144 8.291 7.913 7.971 7.809 7.851 7.581 7.822 8.059 7.933 7.736 7.9 7.715 7.465 7.658 7.922 7.901 7.462 7.95 8.025 7.775 7.334 7.831 8.158 7.887 7.937 7.599 7.431 7.801 7.909 7.708 7.228 7.737 8.203 7.769 7.226 7.289 7.935 8.058 8.116 8.013 6.899 8.016 7.265 7.63 7.873 7.985 7.603 7.616 8.186 8.336 7.79 7.847 7.636 7.976 7.754 7.402 7.917 7.341 7.765 7.899 7.299 7.843 7.841 7.229 7.754 7.916 7.502 8.008 7.723 2.371 7.872 7.866 7.828 7.341 8.192 7.644 7.49 8.034 7.819 7.688 7.908
2.7 7.951 7.42 7.819 7.711 7.276 7.801 7.724 8.259 8.032 7.666 7.853 7.22 8.073 7.199 8.231 7.669 8.191 6.531 7.436 7.649 7.663 8.024 7.819 8.116 8.162 7.961 7.888 7.653 8.053 7.5 7.716 7.914 8.362 8.126 7.743 8.063 8.062 7.446 7.831 8.062 7.508 7.857 7.27 8.368 7.974 7.158 8.316 7.432 7.868 7.699 7.078 7.528 8.065 7.584 7.745 7.705 7.551 7.468 7.669 8.086 7.821 8.477 8.108 7.682 7.177 6.791 8.252 8.062 8.183 7.786 8.203 8.469 8.021 7.996 8.499 7.809 8.146 7.487 7.599 7.769 7.426 6.088 8.159 7.767 8.094 7.639 7.709 2.531 7.621 8.052 8.372 8.072 7.627 7.833 8.341 7.882 7.507 8.306 7.399
2.602 7.241 7.375 8.116 7.818 7.345 7.678 7.778 7.361 8.268 7.517 7.451 7.993 7.755 7.84 7.583 7.452 6.994 7.296 7.627 7.784 7.898 7.807 7.403 7.753 7.604 7.28 7.45 7.276 7.554 8.178 7.86 7.439 7.965 7.36 7.395 8.1 7.367 6.369 7.374 7.236 7.736 7.091 7.822 7.846 7.313 7.909 7.504 7.772 7.588 7.666 7.578 7.625 7.351 7.339 7.973 6.361 7.142 6.119 7.685 7.371 7.561 7.259 7.742 7.167 7.942 6.093 7.541 7.614 7.912 7.388 7.756 6.728 8.301 7.722 7.475 7.631 7.173 7.49 7.832 7.536 8.175 8.199 7.841 6.745 7.536 7.471 7.773 2.547 8.019 7.387 7.331 7.34 7.165 7.757 8.044 7.595 7.924 7.746 7.822
2.201 7.323 8.013 7.623 7.787 7.431 7.928 7.867 7.884 8.157 8.402 7.945 8.113 7.572 7.878 7.699 7.472 7.237 7.812 7.895 7.421 7.855 7.878 7.533 7.833 7.808 7.809 6.513 7.84 7.284 8.129 7.739 7.419 7.672 7.972 8.031 8.024 7.572 7.722 7.865 7.828 6.271 7.877 7.908 8.137 7.582 8.041 7.909 7.471 7.906 7.948 7.601 7.757 7.776 7.252 7.826 7.588 8.165 7.093 7.564 7.707 7.953 7.662 8.142 7.72 7.301 8.013 7.581 7.891 7.642 6.967 7.749 6.539 7.645 7.825 7.876 7.806 8.259 7.268 7.937 7.565 7.994 7.68 7.563 7.894 7.026 7.858 7.45 2.691 7.945 7.405 7.791 8.107 7.355 7.372 7.908 7.528 7.584 7.892 7.939
2.447 7.429 7.939 8.45 7.566 7.662 7.831 8.001 7.664 7.941 7.913 8.082 8.085 8.201 7.919 7.971 7.676 7.593 8.397 8.35 8.026 8.269 7.628 8.661 8.268 7.954 8.179 7.497 7.005 8.162 7.605 7.765 7.842 7.719 8.168 7.532 8.081 8.195 8.305 7.398 7.648 8.097 7.99 7.177 8.079 7.928 7.908 8.265 8.059 7.841 7.826 7.823 7.717 7.521 7.793 8.035 7.935 6.598 7.717 7.078 7.795 8.054 7.464 8.12 7.9 8.166 8.233 7.469 7.777 7.482 7.886 7.832 8.162 7.86 7.587 8.007 8.181 7.88 8.17 7.832 8.287 7.795 7.816 7.944 8.057 6.744 8.031 7.395 2.416 7.759 7.476 7.656 8.025 7.121 7.648 8.089 8.205 8.259 7.964 6.965
2.563 7.416 8.63 7.968 7.648 7.431 8.29 8.018 7.776 7.825 8.247 8.059 7.865 7.65 7.976 8.26 7.783 7.71 8.182 8.048 8.054 7.794 8.534 8.242 7.699 7.698 8.028 8.165 7.457 8.158 8.175 7.683 8.421 8.068 8.283 8.312 7.821 7.518 7.713 8.132 8.053 7.499 8.094 7.349 7.768 7.931 7.548 7.989 8.162 7.643 7.855 7.514 7.207 8.077 7.943 7.624 7.384 7.809 8.039 8.308 8.124 8.291 7.987 8.276 5.541 8.085 7.686 7.93 8.196 7.577 7.807 7.496 8.232 8.351 7.851 7.989 7.158 7.484 8.09 7.527 7.802 7.653 8.072 7.817 7.741 8.234 7.769 7.949 2.632 8.125 8.299 6.803 8.617 8.189 7.654 8.048 8.062 7.352 7.64 8.001
2.597 8.046 7.394 7.421 7.986 7.795 7.406 8.158 7.935 7.407 7.158 7.806 7.592 8.354 8.087 8.042 7.459 7.742 8.346 8.459 7.945 6.765 6.877 7.629 7.735 7.697 8.525 7.941 8.633 7.981 8.071 7.121 8.181 8.489 7.714 8.476 7.675 7.93 7.763 7.633 8.625 7.967 7.141 7.154 7.982 7.013 8.055 8.381 8.521 8.412 7.944 8.156 8.548 7.727 7.919 8.473 8.066 7.62 7.997 8.266 7.884 8.069 7.869 7.973 8.301 7.685 8.433 8.202 7.661 7.544 8.219 8.085 8.21 7.857 7.522 7.508 8.117 7.698 8.325 8.137 7.73 8.112 7.725 8.331 7.696 7.832 7.72 7.946 2.559 8.331 7.788 7.288 8.092 7.588 8.337 8.195 7.76 8.086 7.753 7.893
2.8 8.183 7.847 7.725 8.118 8.364 7.638 8.038 8.189 8.034 7.775 8.002 7.68 8.613 7.761 8.43 8.587 7.96 8.324 8.48 8.211 7.442 8.285 7.597 8.292 8.146 8.226 8.209 8.272 7.658 7.597 7.576 8.433 6.882 7.704 8.117 7.974 7.783 7.767 7.554 7.965 7.86 8.006 8.036 8.055 8.225 8.159 8.144 6.959 8.287 8.066 8.287 7.69 8.376 7.556 7.648 8.393 7.39 8.294 8.438 8.107 8.471 7.805 7.715 7.289 6.872 8.395 8.141 8.252 7.966 7.754 7.92 7.284 7.991 8.025 8.127 8.384 6.668 8.072 7.094 7.024 8.031 7.356 8.534 8.25 8.18 7.695 7.703 2.363 7.915 8.4 7.717 7.441 7.647 8.38 8.479 7.955 7.68 8.541 8.057
2.597 7.754 8.151 8.084 8.21 7.312 7.856 8.196 8.393 7.8 8.07 8.178 7.794 7.948 7.912 7.838 8.298 7.969 6.899 7.439 8.129 8.478 8.486 8.079 8.332 8.311 7.129 8.851 7.743 7.868 7.492 7.98 8.051 7.892 7.576 8.044 7.987 7.26 8.265 7.949 8.057 7.976 8.166 8.215 8.176 7.911 7.199 7.791 7.79 7.087 7.903 7.932 7.724 7.592 7.89 8.31 7.88 8.559 7.756 8.05 8.099 7.881 7.953 8.406 7.93 8.24 7.834 8.194 8.172 8.394 7.741 8.728 8.45 7.947 8.207 8.297 8.559 8.114 8.443 8.157 7.405 7.456 6.966 7.704 8.326 7.819 7.883 7.928 2.08 8.305 8.284 8.483 5.929 8.054 8.302 7.073 8.241 7.995 7.487 8.54
2.628 8.07 7.625 7.455 7.387 6.965 8.288 7.306 7.57 7.804 7.306 8.047 7.477 7.882 8.234 7.993 7.955 7.622 7.803 7.485 7.626 7.874 7.255 8.355 7.652 7.1 6.193 7.762 7.94 8.194 8.227 8.035 8.042 7.751 7.934 7.744 7.921 7.492 6.604 7.974 7.924 8 7.74 7.566 6.958 7.736 7.98 7.719 7.713 7.654 7.8 7.882 7.879 7.604 6.978 7.699 7.681 7.378 7.076 7.811 7.763 7.053 7.714 7.915 8.033 7.552 7.616 7.951 7.45 7.996 7.77 7.785 7.398 7.697 7.712 7.755 7.704 6.847 8.053 7.866 7.714 7.352 7.423 8.142 7.175 7.268 7.716 7.427 2.804 7.916 5.931 8.051 7.742 7.222 8.001 8.169 7.641 7.451 7.953 7.18
2.321 7.834 7.392 7.945 7.14 7.57 7.959 7.786 7.758 7.264 7.615 7.788 7.735 7.332 6.936 7.725 6.898 7.417 7.457 7.482 7.294 7.815 7.662 7.617 8.049 7.949 7.889 7.808 8.064 7.501 7.564 8.312 7.947 7.962 6.745 7.554 7.909 7.907 7.742 7.946 8.281 7.61 7.632 7.062 8.212 7.404 8.064 7.564 7.999 7.983 7.949 7.351 7.526 7.28 6.988 7.992 7.506 7.666 7.984 7.904 7.305 7.826 7.817 7.814 7.637 7.548 7.477 7.883 8.014 7.622 7.832 8.175 7.866 8.167 8.153 8.093 7.778 7.728 7.379 7.581 7.527 8.077 7.93 8.067 7.633 8 7.985 8.072 2.188 7.69 7.727 7.256 7.967 7.867 7.32 7.97 7.12 8.169 7.455 7.721
2.556 8.039 8.452 8.355 7.913 8.23 8.024 8.217 8.618 8.233 8.358 8.214 8.244 7.521 7.551 8.576 7.447 7.457 8.543 7.403 7.623 8.083 8.469 7.215 8.002 7.858 7.528 8.525 8.456 7.903 8.012 8.005 8.406 8.549 8.531 7.991 8.707 8.353 7.9 8.429 8.236 8.488 8.311 7.836 8.079 7.858 7.943 7.864 8.595 7.885 8.035 7.759 8.025 8.325 8.094 8.162 7.925 8.178 7.908 8.399 8.281 8.054 8.572 8.545 8.19 8.511 8.417 8.145 8.251 8.446 8.541 7.983 7.959 8.611 8.441 7.807 8.042 8.118 7.821 7.866 7.995 8.024 8.312 7.716 8.162 8.085 7.33 8.432 2.692 8.61 8.619 8.156 8.066 7.888 7.988 7.282 8.56 7.584 8.225 8.768
2.582 8.548 7.384 8.66 8.764 8.645 8.369 8.6 8.432 8.551 8.223 7.891 8.246 8.587 8.192 7.908 8.763 8.065 8.357 8.481 8.79 8.254 8.55 7.517 8.635 7.726 8.311 8.291 8.382 8.326 8.117 8.814 8.548 8.665 8.172 8.117 8.416 8.226 8.543 7.556 8.389 8.555 8.832 8.373 8.024 8.936 8.417 8.774 8.649 8.781 8.68 8.664 8.493 7.78 8.515 8.231 8.166 8.759 7.683 8.295 7.851 7.938 8.626 7.889 8.499 8.731 8.676 7.909 7.122 8.595 8.533 8.536 8.313 8.799 8.092 8.495 8.077 8.705 8.37 8.354 9.061 8.197 6.998 8.627 8.434 8.247 8.564 7.697 2.531 7.314 7.966 8.486 7.213 8.175 7.512 7.912 8.497 8.563 8.844 8.455
2.468 7.365 7.401 8.18 7.95 7.17 8.359 8.515 7.103 8.131 7.431 8.134 7.335 7.561 8.248 7.699 7.199 6.29 7.998 7.869 7.867 7.801 8.284 7.324 7.803 7.65 7.574 8.152 7.505 7.362 8.039 8.08 7.888 6.961 7.96 8.148 7.91 7.566 7.855 7.605 7.075 7.832 8.085 7.495 7.829 7.89 7.977 7.312 7.858 7.802 7.795 8.155 7.155 7.891 7.764 8.068 7.694 7.989 6.749 8.191 7.539 7.513 8.227 7.742 8.012 7.62 7.926 7.645 7.862 7.626 7.005 7.854 8.193 7.656 8.131 7.834 7.971 8.139 8.052 8.039 8.001 7.977 8.228 8.09 7.681 7.827 7.766 8.133 2.618 7.373 7.589 8.024 7.622 7.653 6.639 8.043 7.377 8.203 7.76 7.502
2.755 7.312 8.311 8.441 7.12 8.216 8.507 8.455 8.182 7.345 7.589 8.14 7.891 8.091 8.415 8.315 8.329 8.01 7.71 8.163 8.092 8.215 7.84 7.809 7.977 8.586 7.905 8.649 8.153 8.257 7.627 8.106 8.275 8.633 8.065 7.589 8.464 7.979 8.186 8.165 7.956 7.935 7.987 8.678 7.942 8.337 8.335 8.425 8.052 8.491 7.945 7.479 8.205 7.986 8.265 8.084 7.965 8.048 8.156 8.282 7.869 7.955 8.087 7.843 8.235 7.025 8.541 7.737 7.81 8.219 8.042 8.375 6.956 8.577 7.854 8.512 7.57 7.854 8.151 8.298 8.533 8.475 7.988 7.095 8.594 7.836 7.361 8.059 2.54 8.024 8.035 8.549 8.156 7.964 8.036 8.057 8.184 7.717 7.959 7.907
2.736 7.808 7.912 7.561 7.559 8.126 7.45 7.777 7.798 8.395 8.084 8.094 7.82 7.759 7.92 7.908 7.475 7.452 8.195 7.807 7.79 7.354 8.145 6.889 7.52 7.563 7.881 7.688 7.599 8.126 7.787 7.689 7.976 8.163 7.45 8.01 7.572 7.2 7.832 8.196 7.752 7.748 7.086 8.305 7.874 8.068 8.219 7.808 7.758 8.177 7.699 7.845 7.777 7.564 6.164 7.761 7.757 8.055 7.496 7.183 7.644 7.785 7.237 7.965 8.394 7.941 7.3 7.579 7.659 8.289 7.216 7.835 7.912 7.578 7.201 7.679 8.033 7.784 7.596 7.595 7.338 7.167 7.304 7.375 7.761 8.369 7.362 6.08 2.562 7.887 7.551 7.374 7.952 7.767 8.062 8.049 8.167 7.833 8.369 7.658
2.402 7.661 7.975 7.923 7.914 7.706 8.172 7.404 7.703 7.437 7.941 7.176 7.541 8.134 7.751 7.676 7.552 7.774 7.775 8.019 8.033 7.923 7.914 7.816 7.971 8 7.704 7.721 7.896 4.606 8.155 7.344 7.853 7.324 7.725 8.041 7.812 8.189 7.521 7.974 8.155 8.298 7.95 8.078 8.209 7.958 7.435 7.923 7.511 7.919 7.807 7.846 7.88 7.562 8.186 7.821 8.098 8.212 8.023 7.591 7.296 8.22 7.448 7.534 7.272 7.973 7.584 7.289 7.779 7.861 7.77 8.001 8.489 7.894 7.822 7.495 7.591 8.061 7.262 8.213 8.054 7.621 7.734 7.805 8.204 7.828 8.122 8.408 2.299 7.622 8.28 8.161 7.675 7.974 8.205 7.509 8.023 8.037 6.678 7.824
2.554 8.004 7.723 8.04 7.963 8.074 7.508 7.342 7.786 7.835 7.867 8.163 7.989 8.23 7.445 7.956 7.679 7.453 7.832 7.8 8.34 7.88 8.044 7.892 7.863 7.753 7.931 7.91 7.177 8.059 7.096 7.946 7.604 8.105 8.141 7.099 8.104 7.826 7.749 8.096 6.735 8.268 7.291 6.863 8.068 7.611 7.051 8.3 7.989 7.7 8.295 7.738 7.951 7.585 8.204 7.921 7.906 7.485 7.544 7.44 7.863 7.947 8.279 8.096 7.663 6.506 7.395 7.662 7.472 8.041 7.001 8.097 7.475 7.874 7.041 7.694 7.325 6.602 7.705 7.545 7.953 8.057 7.137 7.668 7.547 7.72 7.578 8.148 2.54 7.972 7.852 7.419 7.673 7.672 7.938 7.877 8.203 8.221 8.245 7.822
2.691 7.012 7.948 8.271 7.194 7.518 7.876 8.079 6.916 7.149 7.572 6.861 7.422 7.866 7.442 8.116 8.048 7.201 7.974 8.158 6.444 7.888 7.687 7.724 7.118 7.872 8.02 8.277 8.119 7.496 8.283 8.23 7.879 7.058 8.094 8.148 7.789 7.64 8.064 7.922 8.177 8.265 7.621 7.463 7.974 8.169 7.796 7.804 8.352 8.022 7.919 7.937 7.848 7.687 7.802 8.146 8.052 7.735 7.211 7.42 8.101 7.722 8.134 6.723 7.713 7.62 7.418 7.106 7.145 7.963 8.197 7.355 8.345 7.539 7.684 8.325 8.243 7.452 7.89 7.706 7.745 7.899 8.094 7.886 8.155 7.691 8.275 7.583 2.465 7.46 7.996 7.508 8.145 7.907 7.992 8.146 8.308 8.144 7.859 8.18
2.717 7.988 7.734 6.332 7.879 6.924 7.384 7.93 7.22 8.309 7.339 8.233 8.011 8.23 7.632 7.967 7.632 7.328 8.161 8.21 7.671 7.689 7.835 7.689 7.948 8.018 7.722 6.969 8.23 8.202 8.212 7.648 7.835 8.082 8.13 7.787 7.797 7.888 8.05 8.011 7.34 8.34 8.06 7.626 8.329 8.014 8.202 8.187 7.943 7.703 7.984 7.946 7.382 7.698 8.245 8.208 7.766 7.688 7.902 6.643 8.387 7.226 7.959 7.859 7.618 8.039 7.29 7.675 7.304 8.101 7.752 7.86 8.215 8.228 7.168 7.881 8.102 8.44 7.783 7.93 7.631 7.406 7.341 7.905 7.736 8.237 7.331 7.611 2.507 7.672 8.129 8.225 8.105 8.242 7.997 7.823 7.165 8.179 8.142 8.117
2.4 8.116 7.968 7.875 8.434 8.186 7.775 8.576 7.493 7.616 7.425 7.469 8.499 8.322 8.134 8.368 6.882 7.219 7.616 7.968 7.877 8.392 8.146 7.826 7.529 7.812 7.892 7.696 7.733 7.73 7.88 7.787 8.096 8.08 8.249 7.177 8.056 8.333 7.73 8.243 7.982 7.723 7.485 7.757 8.115 8.418 8.057 8.205 8.273 8.213 7.868 7.496 8.372 7.393 8.055 7.785 8.403 8.313 6.366 7.877 7.764 7.58 7.926 7.327 8.147 8.384 7.026 8.094 7.522 7.762 8.207 8.069 7.195 8.461 8.158 8.155 7.194 7.912 8.098 8.131 7.655 8.072 8.187 7.627 7.419 7.986 7.774 7.581 2.371 8.085 7.38 8.122 7.991 7.975 7.878 8.404 7.877 8.136 7.759 8.219
2.581 7.742 8.201 8.62 7.995 8.193 8.43 8.331 8.509 8.007 8.169 7.967 7.5 7.996 7.794 8.168 8.247 7.809 7.947 8.282 7.537 8.442 8.075 7.627 8.238 8.019 7.747 8.558 8.256 7.963 8.271 8.474 8.232 8.749 8.381 8.223 8.004 8.595 8.089 8.362 7.893 8.226 8.469 8.392 8.591 7.561 8.332 7.56 8.606 8.332 7.915 8.327 8.285 8.134 8.305 7.884 8.339 7.836 8.142 8.133 7.788 8.136 8.133 7.888 8.384 7.116 7.755 7.92 8.513 7.719 8.307 7.929 8.514 8.87 7.444 7.208 7.961 8.205 7.273 8.029 7.681 8.386 7.945 7.581 7.82 8.169 7.956 7.636 2.359 7.846 7.609 8.246 7.983 7.43 8.508 8.255 6.596 6.967 8.3 8.013
2.601 8.049 7.036 7.64 7.329 8.396 7.767 7.955 8.218 7.683 8.026 8.25 8.481 8.132 8.653 6.784 8.09 7.797 8.504 7.978 8.184 7.982 7.76 8.192 7.812 7.593 7.943 8.399 8.267 7.734 8.193 7.809 7.205 7.883 8.189 7.801 6.706 8.155 8.384 8.307 7.438 8.49 7.899 8.279 8.339 8.085 8.081 7.881 6.979 8.003 8.033 7.999 7.807 7.022 8.498 7.795 7.976 7.538 7.938 7.033 7.761 7.732 7.313 7.812 8.185 8.041 8.562 8.342 8.409 7.867 8.464 8.098 7.915 8.258 8.473 6.999 8.069 7.911 7.829 7.738 8.414 7.776 7.88 8.153 8.13 7.722 8.175 8.141 2.154 7.566 7.665 8.047 6.894 8.555 7.877 8.08 7.918 7.892 7.93 7.311
2.55 8.142 8.059 7.854 8.391 8.177 7.911 8.024 8.734 8.116 8.215 7.955 7.82 7.857 7.851 8.213 8.558 7.645 7.446 7.381 7.794 8.059 8.245 6.978 8.348 7.935 8.033 7.972 8.193 7.596 7.553 7.918 8.104 7.09 8.368 8.253 7.925 7.813 8.103 8.211 7.815 7.939 7.665 8.265 8.211 8.181 6.629 6.907 8.102 8.378 8.616 7.998 8.452 8.128 8.094 7.314 8.283 8.66 7.591 8.24 8.689 8.113 7.646 8.19 8.54 8.462 8.102 8.49 8.419 8.104 8.228 8.236 8.145 8.386 7.686 7.261 8.219 8.558 7.583 7.755 8.165 7.949 8.47 7.52 8.175 8.037 8.275 7.652 2.431 7.82 8.197 8.385 7.625 7.764 8.316 7.852 8.168 7.903 7.838 8.386
2.353 7.783 8.221 7.48 6.78 8.192 7.482 7.296 7.631 7.86 8.136 7.369 7.443 7.635 8.004 8.011 7.741 8.437 7.29 7.452 7.296 7.794 7.845 8.464 8.347 7.702 7.741 8.103 8.321 8.072 7.944 7.809 8.081 7.876 8.027 8.584 7.663 8.199 8.225 7.295 8.159 8.516 7.541 8.043 7.931 7.988 8.054 7.475 7.616 7.713 8.104 7.224 7.725 7.796 7.949 7.864 7.988 7.949 8.289 7.837 8.021 7.625 7.92 7.823 8.233 8.085 7.982 7.589 8.024 6.413 8.729 8.161 8.303 7.954 7.518 8.119 7.393 8.338 6.856 7.752 8.303 7.998 8.109 7.614 8.167 8.513 8.104 8.178 2.344 8.104 7.839 7.744 7.871 7.547 7.536 7.446 8.157 7.635 8.172 7.93
2.526 7.489 7.672 7.386 7.742 7.81 6.137 7.881 7.745 7.539 7.375 6.958 7.207 7.584 7.756 8.095 7.608 7.669 7.596 7.95 7.652 7.723 7.926 7.274 7.571 7.358 7.472 6.856 7.668 7.885 7.349 7.315 7.968 7.436 7.722 7.531 7.031 7.866 7.804 7.697 7.059 7.587 7.668 7.436 7.19 7.064 7.698 7.45 7.834 7.838 7.267 7.402 7.739 6.903 7.851 7.972 7.032 7.627 7.323 7.395 7.799 7.83 7.297 7.816 7.804 6.428 8.022 7.216 7.398 7.606 7.594 7.557 7.62 7.53 7.798 7.607 7.855 7.968 7.522 7.184 7.57 7.922 7.373 7.624 7.026 7.357 7.61 7.183 2.726 7.823 7.488 7.749 7.551 7.216 7.331 7.798 7.428 6.494 7.694 7.566
2.438 8.327 7.408 7.851 8.253 7.066 8.22 7.759 8.108 8.591 7.943 8.007 8.167 8.055 8.503 7.621 8.308 7.728 8.1 8.324 7.886 8.084 7.603 8.399 8.246 8.473 7.665 8.094 8.594 8.138 7.735 7.482 7.532 8.347 7.986 8.21 7.999 8.635 7.634 7.815 8.305 8.739 7.701 7.87 8.33 7.873 7.925 8.202 8.275 8.416 7.788 8.394 8.277 8.288 8.254 8.857 8.056 8.517 8.204 8.288 7.821 8.316 8.458 8.084 7.536 8.079 8.295 8.144 8.331 8.355 8.402 8.764 8.551 8.083 8.397 8.374 8.276 8.601 7.797 8.064 8.415 8.33 7.809 8.551 8.114 8.356 8.306 8.48 2.199 8.705 8.472 8.337 8.172 8.069 8.549 7.812 7.618 8.311 8.213 8.288
2.375 7.346 7.679 8.135 7.565 7.774 8.063 7.448 7.839 8.042 6.95 7.802 7.885 7.9 8.331 7.625 8.132 8.104 7.748 7.894 8.045 8.162 8.106 7.877 8.122 6.675 7.808 7.813 8.352 7.42 7.758 8.201 8.234 7.152 8.353 7.985 7.945 8.277 7.474 7.914 7.867 8.129 7.919 8.193 8.263 7.902 7.388 7.795 6.836 8.553 7.859 7.407 8.002 8.22 7.412 8.101 8.443 7.646 7.893 7.645 7.43 8.353 7.671 8.471 8.053 7.909 8.171 7.928 7.846 8.42 8.214 8.476 7.919 8.26 7.977 7.665 7.702 8.178 7.346 7.977 7.987 8.336 7.821 7.84 8.062 7.372 8.275 8.298 1.928 8.06 7.501 8.529 7.737 8.086 8.106 7.968 7.744 7.034 8.308 8.106
2.788 7.907 7.592 7.673 7.149 7.49 7.903 7.948 8.181 7.463 7.608 7.741 7.622 7.852 7.763 7.943 7.696 7.804 7.587 7.762 7.747 7.992 7.456 7.2 7.77 8.172 7.668 7.552 5.454 8.108 7.465 8.023 7.372 7.811 7.54 7.745 8.186 7.891 8.054 7.863 7.723 7.911 7.317 8.313 7.439 7.153 6.603 7.246 7.921 7.682 8.159 7.665 7.351 7.578 7.523 7.81 7.506 7.376 7.649 7.315 7.751 7.637 6.605 7.64 7.811 7.468 7.764 7.948 7.906 6.754 7.911 8.039 8.099 7.286 7.917 8.027 7.223 8.006 7.515 7.892 7.84 7.838 8.398 7.496 6.914 7.77 7.873 7.219 2.506 8.141 8.029 7.653 8.14 8.169 7.614 7.616 7.487 7.736 7.118 7.749
2.478 7.274 7.763 7.93 8.07 6.642 7.97 8.302 8.095 7.868 7.628 7.948 7.698 7.95 8.097 7.869 7.868 7.652 6.835 7.791 8.009 8.063 7.538 8.157 8.102 8.353 8.307 7.158 7.44 8.027 7.947 7.707 7.785 7.535 8.418 8.328 7.147 7.552 8.01 7.778 8.396 7.903 7.24 7.974 8.14 8.181 7.792 8.43 8.29 7.742 8.023 7.656 8.055 7.971 7.843 7.28 7.602 7.93 7.751 7.564 8.044 7.52 8.083 7.942 7.773 7.864 8.181 7.55 7.23 7.066 7.114 7.861 7.934 8.06 8.22 7.56 7.846 7.968 7.791 7.554 7.711 7.965 8.096 8.267 8.255 7.831 7.585 7.927 2.531 7.938 8.077 8.138 8.082 7.9 8.229 8.012 7.97 7.687 7.433 8.199
2.037 8.388 7.922 8.347 8.271 8.466 7.99 8.358 7.981 7.918 8.144 7.923 7.903 8.344 8.083 7.626 8.066 8.541 7.354 8.429 7.772 7.471 7.829 8.36 7.828 8.029 8.085 8.033 8.126 8.347 6.886 8.275 7.054 8.266 7.433 8.245 7.695 8.062 8.02 8.106 8.315 7.603 8.159 8.268 7.77 7.732 7.778 8.656 8.222 7.787 8.099 6.705 7.578 7.605 8.097 8.305 8.091 8.367 8.334 7.8 8.245 8.287 8.209 7.846 7.918 7.818 7.199 8.614 7.946 7.937 7.949 7.984 8.055 7.847 8.25 8.133 8.392 6.048 7.868 7.995 8.094 8.378 8.724 7.57 6.583 7.547 7.705 7.642 2.419 8.614 8.355 8.196 8.004 7.696 8.066 8.144 7.71 8.318 8.49 8.069
2.86 8.038 8.305 8.159 8.072 7.425 8.567 7.064 8.015 7.731 8.163 7.752 7.743 7.248 7.624 8.468 8.133 8.284 7.999 8.159 7.808 7.995 6.846 8.04 8.042 8.121 8.229 7.508 8.176 7.444 7.637 7.884 8.219 7.534 8.141 7.416 7.698 7.581 7.803 7.968 8.088 7.784 8.343 7.286 8.316 7.979 7.576 7.993 8.523 7.788 8.362 8.246 7.843 8.008 7.386 7.899 7.69 6.947 7.709 8.124 7.18 7.448 7.669 8.252 7.58 7.282 7.808 8.096 7.635 8.003 6.955 7.982 7.374 7.523 7.085 8.006 7.289 8.039 7.954 8.094 7.491 8.222 8.256 8.022 7.746 7.598 8.203 8.29 2.79 7.497 7.584 8.255 8.008 8.154 8.112 7.962 8.243 8.007 8.034 7.861
2.247 7.888 7.759 7.58 7.607 7.575 7.63 7.976 8.405 7.742 8.086 8.055 8.311 7.789 8.265 8.082 7.803 8.372 7.374 8.079 7.288 8.287 7.795 8.142 7.693 7.86 7.501 8.129 8.132 8.02 7.247 8.531 8.081 7.941 8.014 8.235 7.492 7.86 7.807 8.209 8.34 8.049 7.99 7.788 7.787 7.922 7.858 7.978 7.816 8.272 7.814 8.06 7.793 7.455 8.134 7.977 7.946 7.261 7.902 7.747 7.963 8.348 7.98 7.59 6.867 7.044 8.417 8.189 8.401 7.772 7.794 8.355 7.642 8.204 7.991 8.106 7.54 7.868 7.772 8.221 7.732 8.041 7.894 7.267 7.491 7.832 8.036 8.136 2.242 7.358 8.375 8.251 8.377 7.417 7.858 8.028 7.853 7.808 7.932 7.48
2.285 7.829 7.865 7.883 8.167 7.785 8.414 8.172 7.583 8.124 7.48 8.254 7.517 8.13 7.977 7.877 8.301 8.042 7.233 7.867 7.682 7.588 7.199 7.903 7.934 7.564 7.871 7.726 7.878 7.629 7.719 8.291 8.174 7.248 7.807 7.599 7.879 7.655 8.265 8.181 7.951 7.832 8.162 8.181 8.213 7.385 7.359 8.097 7.224 8.436 8.046 7.886 7.704 7.38 8.217 7.816 8.232 8.377 7.576 8.354 8.057 6.973 7.835 8.209 7.648 8.002 7.921 8.301 7.996 7.551 7.633 8.035 7.47 7.659 7.206 8.109 8.026 7.761 7.851 7.994 8.013 7.674 8.083 7.928 7.716 7.944 8.34 8.206 2.218 7.712 7.185 8.178 7.504 7.333 8.236 8.088 8.137 8.147 8.365 8.119
2.722 7.992 7.77 7.841 7.921 8.343 8.157 8.142 7.263 7.799 8.107 7.071 6.648 8.196 8.099 7.927 8.159 6.914 7.876 7.276 7.607 7.97 8.014 8.09 7.872 8.013 7.609 7.809 8.412 7.889 7.357 7.562 8.706 8.158 8.234 8.153 7.997 8.535 8.129 7.908 8.382 8.003 7.537 8.131 7.914 8.542 6.726 6.854 8.039 8.337 7.741 8.181 8.231 7.843 8.187 8.37 7.752 7.85 7.313 8.432 7.974 8.129 8.206 8.205 7.955 7.948 8.003 8.381 8.007 7.718 7.964 7.502 8.241 8.153 7.779 7.189 8.009 8.282 7.909 8.326 7.591 7.838 7.869 8.111 8.004 6.551 7.962 8.427 2.766 7.445 6.988 8.112 8.86 7.967 7.576 8.245 8.122 8.387 7.591 7.933
2.565 8.278 7.76 8.23 7.533 8.257 8.071 6.544 7.493 7.914 7.967 7.836 7.668 7.842 7.386 7.479 7.175 7.952 7.877 7.725 8.13 8.105 8.27 8.124 8.566 7.996 7.691 8.06 8.199 8.218 7.782 8.263 6.861 7.895 8.229 7.776 7.541 7.021 8.094 8.026 7.983 8.048 7.685 8.169 8.413 8.196 7.998 7.281 8.147 8.565 8.392 7.599 8.521 8.022 8.063 6.968 7.729 8.105 7.012 8.131 7.724 7.617 7.737 8.221 7.851 7.918 7.603 7.979 8.25 7.749 8.002 8.144 8.072 8.188 8.178 8.246 8.129 8.522 8.383 8.281 8.132 8.127 7.446 8.21 7.987 8.246 8.131 8.301 2.758 8.121 7.566 8.336 8.33 7.422 8.107 7.9 8.218 8.299 7.076 7.873
2.193 7.775 7.409 8.177 7.792 6.961 7.347 7.147 7.684 8.072 7.829 8.056 7.656 7.557 7.293 8.234 7.531 8.079 7.472 7.892 7.502 7.624 6.725 7.308 7.981 7.956 7.261 8.064 7.919 6.717 7.808 8.101 8.289 7.716 7.555 7.628 7.988 7.492 8.004 8.287 6.824 7.413 8.243 7.86 7.906 7.607 7.71 7.554 7.697 7.979 7.94 7.206 7.704 7.752 7.552 7.848 8.078 8.011 8.142 8.171 7.593 7.233 7.829 7.881 7.725 7.79 6.519 7.292 7.255 7.557 7.863 7.505 7.814 8.185 8.235 7.96 7.087 7.78 7.889 7.153 7.974 7.436 7.625 7.632 7.961 6.907 7.753 8.123 2.552 7.164 7.787 7.667 8.124 8.141 7.573 7.197 7.78 7.946 8.361 6.725
2.035 8.422 8.015 7.731 8.138 8.276 8.035 8.207 7.538 8.225 8.384 8.166 8.07 8.29 8.363 7.682 8.232 8.164 8.113 7.705 8.182 8.398 8.363 8.544 8.016 7.761 8.583 7.588 7.937 8.02 8.367 8.446 8.472 8.369 8.111 7.8 8.7 7.844 7.917 8.464 8.706 8.407 8.33 8.697 8.503 8.128 8.729 8.549 8.357 8.132 8.066 8.663 8.024 8.545 8.732 8.29 7.907 8.591 8.292 8.28 8.183 8.257 8.979 7.753 7.596 8.221 7.867 7.528 8.155 8.844 7.741 7.723 8.773 8.561 8.767 8.859 8.458 8.189 7.893 8.524 7.229 8.211 8.488 8.366 7.862 8.643 7.902 8.394 2.208 8.674 8.272 8.696 8.339 7.217 8.333 7.946 8.292 8.177 7.854 8.135
2.973 7.508 7.346 7.886 7.804 7.835 7.811 7.567 7.785 7.529 7.633 7.507 6.909 7.342 7.434 7.719 8.145 7.652 7.296 8.25 7.73 7.384 7.695 7.718 6.649 7.787 7.922 7.834 6.871 7.08 7.172 7.671 6.657 7.352 7.764 7.706 7.107 6.596 7.965 7.324 7.923 6.996 7.011 7.578 7.52 7.45 7.369 7.596 7.159 7.356 7.837 7.511 7.466 7.658 7.565 7.497 7.484 7.366 8.115 7.744 7.852 6.658 7.191 7.89 7.931 7.774 7.529 7.422 7.523 7.869 7.793 7.663 7.053 7.523 7.578 7.931 7.56 7.28 7.048 7.807 6.773 7.617 7.499 7.753 7.908 7.483 7.597 7.498 2.762 7.541 7.45 7.917 6.072 7.941 7.153 7.347 6.608 7.267 6.978 6.843
