x
304
420
343
179
816
167
96
259
784
499
382
62
29
683
982
490
678
528
327
54
470
787
654
572
400
919
789
362
937
596
312
323
199
667
98
293
855
620
197
176
541
959
408
834
812
861
428
90
526
225
105
34
89
738
724
97
850
119
149
30
885
821
950
467
216
710
212
936
898
735
705
205
800
865
776
544
582
338
987
52
971
206
691
844
139
247
109
452
805
511
310
649
166
463
513
72
325
241
839
680
695
547
487
236
589
571
31
435
491
883
2
359
553
731
44
297
285
748
764
102
40
274
765
679
952
114
184
404
826
26
651
489
809
271
773
577
641
739
704
60
895
906
474
657
351
172
387
947
509
712
144
829
573
217
180
305
890
794
471
443
539
551
619
962
557
717
154
681
47
621
280
191
900
151
869
859
363
15
684
302
335
122
887
832
104
484
398
753
232
860
761
329
532
402
781
714
916
913
721
597
743
559
648
59
708
447
926
771
460
477
924
696
719
242
254
918
729
939
188
181
128
439
106
720
749
156
807
407
514
37
896
560
653
709
581
326
103
941
810
767
66
935
25
672
50
722
835
628
189
827
534
744
564
992
519
113
638
751
752
433
371
663
198
375
224
368
314
943
884
734
55
479
569
185
67
255
583
458
558
190
954
972
486
318
342
158
568
669
263
21
345
623
966
165
396
843
576
910
53
379
74
152
201
367
71
383
9
698
908
469
33
478
647
365
171
148
476
788
718
273
1000
339
662
116
374
485
222
429
593
741
856
864
7
745
973
290
183
262
403
320
153
445
344
587
846
56
909
115
45
862
732
266
642
866
284
136
231
958
579
473
685
674
686
281
46
213
239
42
917
219
990
430
533
218
554
627
976
523
307
660
912
419
373
73
85
87
36
265
713
121
820
108
406
270
449
296
933
423
456
411
18
754
381
324
186
803
980
636
822
315
244
204
434
830
759
83
923
426
295
687
187
391
193
169
300
675
278
298
399
493
616
337
146
848
606
127
591
634
715
107
243
70
969
552
795
94
223
522
811
506
32
65
963
944
813
481
110
497
498
870
726
689
873
43
256
384
602
682
838
412
421
847
927
801
215
504
756
418
503
501
618
555
446
461
692
967
162
617
505
783
975
39
656
728
872
208
313
390
234
196
